
#Printing population 2:
0.0	0.0	5.001061365560714
1.0	0.0	0.5260414406519747
2.0	0.0	-0.0848613167603314
3.0	0.0	0.19503408674373934

0.0	0.025	-4.998629593588713
1.0	0.025	0.5303325015281413
2.0	0.025	0.1093927078952136
3.0	0.025	0.14873498321839107

0.0	0.05	-4.993477236909186
1.0	0.05	0.5334995646917022
2.0	0.05	0.3026561444620288
3.0	0.05	0.10500528241312354

0.0	0.07500000000000001	-4.983502531866481
1.0	0.07500000000000001	0.5355989205723013
2.0	0.07500000000000001	0.49522859955008497
3.0	0.07500000000000001	0.06321762503905312

0.0	0.1	-4.968719235916756
1.0	0.1	0.5366717363953146
2.0	0.1	0.6873885207579402
3.0	0.1	0.022787410891599094

0.0	0.125	-4.949134335058128
1.0	0.125	0.5367449732605873
2.0	0.125	0.8794003043158085
3.0	0.125	-0.01683914677653737

0.0	0.15000000000000002	-4.9247483130147165
1.0	0.15000000000000002	0.5358320183430525
2.0	0.15000000000000002	1.071520780726164
3.0	0.15000000000000002	-0.05619593081903117

0.0	0.17500000000000002	-4.895555263429907
1.0	0.17500000000000002	0.533933053439112
2.0	0.17500000000000002	1.2640053281863144
3.0	0.17500000000000002	-0.09580716122912057

0.0	0.2	-4.86154285146775
1.0	0.2	0.5310351723324889
2.0	0.2	1.4571138437613331
3.0	0.2	-0.13619730254986712

0.0	0.225	-4.8226921256265465
1.0	0.225	0.5271122513414461
2.0	0.225	1.6511167913701543
3.0	0.225	-0.1779009539463691

0.0	0.25	-4.778977175141641
1.0	0.25	0.5221245696002583
2.0	0.25	1.846301542986149
3.0	0.25	-0.22147303240338403

0.0	0.275	-4.730364622901732
1.0	0.275	0.5160181678188547
2.0	0.275	2.0429792339338375
3.0	0.275	-0.2674995650575302

0.0	0.30000000000000004	-4.67681293816682
1.0	0.30000000000000004	0.5087239261947047
2.0	0.30000000000000004	2.2414923629769246
3.0	0.30000000000000004	-0.3166094215825193

0.0	0.325	-4.618778820336112
1.0	0.325	0.5005984746193164
2.0	0.325	2.4015453781888323
3.0	0.325	-0.334056112433472

0.0	0.35000000000000003	-4.556719603274501
1.0	0.35000000000000003	0.49198868975213017
2.0	0.35000000000000003	2.5635285032850885
3.0	0.35000000000000003	-0.35539864373945784

0.0	0.375	-4.490584784949378
1.0	0.375	0.4827937489815586
2.0	0.375	2.7276273298713374
3.0	0.375	-0.3809209275189619

0.0	0.4	-4.420318779664889
1.0	0.4	0.4729049709367459
2.0	0.4	2.8940638238819894
3.0	0.4	-0.4109689282388138

0.0	0.42500000000000004	-4.345859940158066
1.0	0.42500000000000004	0.46220417039903694
2.0	0.42500000000000004	3.063101966697034
3.0	0.42500000000000004	-0.44595840228026296

0.0	0.45	-4.267139426326648
1.0	0.45	0.4505618011347181
2.0	0.45	3.235054404777262
3.0	0.45	-0.48638415747425184

0.0	0.47500000000000003	-4.184079893874066
1.0	0.47500000000000003	0.43783484625021174
2.0	0.47500000000000003	3.4102902229556773
3.0	0.47500000000000003	-0.5328310209986832

0.0	0.5	-4.0965939738057795
1.0	0.5	0.4238644113907277
2.0	0.5	3.589243907104838
3.0	0.5	-0.5859866617735994

0.0	0.525	-4.004582513263963
1.0	0.525	0.40847297362198987
2.0	0.525	3.7724254531649146
3.0	0.525	-0.6466563049088548

0.0	0.55	-3.907932551651043
1.0	0.55	0.3914612404301234
2.0	0.55	3.9604313655719405
3.0	0.55	-0.7157791464946281

0.0	0.5750000000000001	-3.8065150168752186
1.0	0.5750000000000001	0.3726045830131106
2.0	0.5750000000000001	4.153955892238301
3.0	0.5750000000000001	-0.7944458352520049

0.0	0.6000000000000001	-3.7001821508470982
1.0	0.6000000000000001	0.3516490329761677
2.0	0.6000000000000001	4.353801139645964
3.0	0.6000000000000001	-0.8839155811777543

0.0	0.625	-3.588764721075019
1.0	0.625	0.32830688362207994
2.0	0.625	4.5608835000844685
3.0	0.625	-0.9856300358387908

0.0	0.65	-3.472640818505223
1.0	0.65	0.302792766553301
2.0	0.65	4.730262922715996
3.0	0.65	-1.0577383824383595

0.0	0.675	-3.3521867142197723
1.0	0.675	0.2753033128861482
2.0	0.675	4.907432158216326
3.0	0.675	-1.143858034361317

0.0	0.7000000000000001	-3.2271975058947224
1.0	0.7000000000000001	0.24547261702352863
2.0	0.7000000000000001	5.093211327141383
3.0	0.7000000000000001	-1.2452595598761718

0.0	0.7250000000000001	-3.097447412868703
1.0	0.7250000000000001	0.21290165410541917
2.0	0.7250000000000001	5.2884414561577655
3.0	0.7250000000000001	-1.3633122597554193

0.0	0.75	-2.962690097326154
1.0	0.75	0.17715672267139126
2.0	0.75	5.493909780572317
3.0	0.75	-1.499402886598394

0.0	0.775	-2.8318240934637116
1.0	0.775	0.14677501744134425
2.0	0.775	4.974609920123415
3.0	0.775	-0.9323676573537649

0.0	0.8	-2.7139801719500354
1.0	0.8	0.13046791567464844
2.0	0.8	4.4527067038564425
3.0	0.8	-0.3736351313275188

0.0	0.8250000000000001	-2.6005745758357244
1.0	0.8250000000000001	0.11950960103861519
2.0	0.8250000000000001	4.620292880753798
3.0	0.8250000000000001	-0.503789045296523

0.0	0.8500000000000001	-2.483551948716849
1.0	0.8500000000000001	0.10584493838397968
2.0	0.8500000000000001	4.742143644090193
3.0	0.8500000000000001	-0.5904123679051451

0.0	0.875	-2.363433822642851
1.0	0.875	0.08993334715740531
2.0	0.875	4.868024504798676
3.0	0.875	-0.6837154123631651

0.0	0.9	-2.246947186256426
1.0	0.9	0.07837999633519033
2.0	0.9	4.451081124188543
3.0	0.9	-0.24205178046611425

0.0	0.925	-2.13465722980382
1.0	0.925	0.07159309188812912
2.0	0.925	4.5324099242641696
3.0	0.925	-0.30135431634623744

0.0	0.9500000000000001	-2.020310395283672
1.0	0.9500000000000001	0.06328662456608569
2.0	0.9500000000000001	4.615695198952994
3.0	0.9500000000000001	-0.3637372879278935

0.0	0.9750000000000001	-1.9038529432288567
1.0	0.9750000000000001	0.05337447121998551
2.0	0.9750000000000001	4.701324916383689
3.0	0.9750000000000001	-0.42993318235274375

0.0	1.0	-1.7852213092933447
1.0	1.0	0.041751926457004984
2.0	1.0	4.789696728938335
3.0	1.0	-0.5006962379808573

0.0	1.0250000000000001	-1.6643419023124368
1.0	1.0250000000000001	0.02829516223069284
2.0	1.0250000000000001	4.881214210607335
3.0	1.0250000000000001	-0.5768015415794192

0.0	1.05	-1.5417561355101173
1.0	1.05	0.013483408363143212
2.0	1.05	4.926238539591877
3.0	1.05	-0.6092705111376934

0.0	1.075	-1.417999765592289
1.0	1.075	-0.002226038558426069
2.0	1.075	4.974890277920853
3.0	1.075	-0.6486657021872938

0.0	1.1	-1.2979816619865086
1.0	1.1	-0.014026850796113877
2.0	1.1	4.6270514182214715
3.0	1.1	-0.29711507555854283

0.0	1.125	-1.181630165179082
1.0	1.125	-0.022131543855913094
2.0	1.125	4.681390582607639
3.0	1.125	-0.3517986595223644

0.0	1.1500000000000001	-1.0645195912639822
1.0	1.1500000000000001	-0.031023806663140974
2.0	1.1500000000000001	4.687812503599696
3.0	1.1500000000000001	-0.3602851719863572

0.0	1.175	-0.9472215137696064
1.0	1.175	-0.04018109785847024
2.0	1.175	4.696399480223841
3.0	1.175	-0.37301110579717683

0.0	1.2000000000000002	-0.8296810754961965
1.0	1.2000000000000002	-0.049710352363897314
2.0	1.2000000000000002	4.70721333667535
3.0	1.2000000000000002	-0.39005978931412744

0.0	1.225	-0.7149586409538998
1.0	1.225	-0.05661975941476172
2.0	1.225	4.47091630142699
3.0	1.225	-0.16379646622994914

0.0	1.25	-0.603632468035991
1.0	1.25	-0.06042182728020684
2.0	1.25	4.435335529743078
3.0	1.25	-0.14073147821208673

0.0	1.2750000000000001	-0.4931845662010441
1.0	1.2750000000000001	-0.06367314918322187
2.0	1.2750000000000001	4.400631674210077
3.0	1.2750000000000001	-0.11968696199660436

0.0	1.3	-0.3835946806995635
1.0	1.3	-0.06642062001942861
2.0	1.3	4.366673228529596
3.0	1.3	-0.10037803866502809

0.0	1.3250000000000002	-0.27484570538490904
1.0	1.3250000000000002	-0.06870433260473163
2.0	1.3250000000000002	4.333339545674495
3.0	1.3250000000000002	-0.08254482560666343

0.0	1.35	-0.16692343074711607
1.0	1.35	-0.07055815910321783
2.0	1.35	4.30051929071107
3.0	1.35	-0.06594900180899424

0.0	1.375	-0.05981632954772727
1.0	1.375	-0.07201024980119008
2.0	1.375	4.268108980497373
3.0	1.375	-0.05037062756377006

0.0	1.4000000000000001	0.04648462212756077
1.0	1.4000000000000001	-0.0730834553527373
2.0	1.4000000000000001	4.236011609956249
3.0	1.4000000000000001	-0.03560519863899189

0.0	1.425	0.15198609049676534
1.0	1.425	-0.07379567805227083
2.0	1.425	4.204135358903056
3.0	1.425	-0.021460909804758607

0.0	1.4500000000000002	0.25669249829117347
1.0	1.4500000000000002	-0.07416015702530032
2.0	1.4500000000000002	4.172392369984161
3.0	1.4500000000000002	-0.007756100036471819

0.0	1.475	0.3606061091851429
1.0	1.475	-0.07418569152250853
2.0	1.475	4.140697586361569
3.0	1.475	0.0056831492132746984

0.0	1.5	0.46372708378712996
1.0	1.5	-0.07387680578614564
2.0	1.5	4.108967636831721
3.0	1.5	0.01902529122304164

0.0	1.5250000000000001	0.5660535082200944
1.0	1.5250000000000001	-0.07323385825113249
2.0	1.5250000000000001	4.077119755748194
3.0	1.5250000000000001	0.0324354945997902

0.0	1.55	0.6675813960041914
1.0	1.55	-0.07225309715718176
2.0	1.55	4.0450707252172755
3.0	1.55	0.04607775420133897

0.0	1.5750000000000002	0.7683046636458613
1.0	1.5750000000000002	-0.07092666398917302
2.0	1.5750000000000002	4.012735827439508
3.0	1.5750000000000002	0.0601169581443645

0.0	1.6	0.868837351704387
1.0	1.6	-0.06986101365616548
2.0	1.6	4.029837489286207
3.0	1.6	0.02529267556387444

0.0	1.625	0.9691729891806489
1.0	1.625	-0.06903739043860035
2.0	1.625	3.996979415626682
3.0	1.625	0.04063310130962513

0.0	1.6500000000000001	1.0693066260163897
1.0	1.6500000000000001	-0.06844545739431851
2.0	1.6500000000000001	4.0136882674871215
3.0	1.6500000000000001	0.006839349942770016

0.0	1.675	1.1698570686998622
1.0	1.675	-0.06869125682844412
2.0	1.675	4.03035671523059
3.0	1.675	-0.026453334868725788

0.0	1.7000000000000002	1.2708257574352035
1.0	1.7000000000000002	-0.06976730381065188
2.0	1.7000000000000002	4.047180468373236
3.0	1.7000000000000002	-0.05964682773962072

0.0	1.725	1.3715968080081846
1.0	1.725	-0.07105766306898254
2.0	1.725	4.014557077353726
3.0	1.725	-0.043721692183234476

0.0	1.75	1.4715558724134774
1.0	1.75	-0.0719595096447101
2.0	1.75	3.982205457679127
3.0	1.75	-0.02853218929688707

0.0	1.7750000000000001	1.5707085557147034
1.0	1.7750000000000001	-0.072488761719395
2.0	1.7750000000000001	3.9500311489234896
3.0	1.7750000000000001	-0.013882252333423002

0.0	1.8	1.669058147023266
1.0	1.8	-0.07265655575330143
2.0	1.8	3.91794313151174
3.0	1.8	4.1501053914503455E-4

0.0	1.8250000000000002	1.7666056904634668
1.0	1.8250000000000002	-0.07246944489150309
2.0	1.8250000000000002	3.8858526302281167
3.0	1.8250000000000002	0.014539772290860559

0.0	1.85	1.8633500267711052
1.0	1.85	-0.0719295374421467
2.0	1.85	3.853671959245753
3.0	1.85	0.028667830005094493

0.0	1.875	1.9592878064029873
1.0	1.875	-0.0710345778976329
2.0	1.875	3.821313395838342
3.0	1.875	0.04297286311586653

0.0	1.9000000000000001	2.0550357124276197
1.0	1.9000000000000001	-0.07039639569126699
2.0	1.9000000000000001	3.8384940724148846
3.0	1.9000000000000001	0.008205165027981548

0.0	1.925	2.151212110348765
1.0	1.925	-0.07061991903421827
2.0	1.925	3.8556264324222433
3.0	1.925	-0.02603328363971487

0.0	1.9500000000000002	2.2478183060209114
1.0	1.9500000000000002	-0.07169709649819822
2.0	1.9500000000000002	3.8729112437932143
3.0	1.9500000000000002	-0.06015533944155594

0.0	1.975	2.344238578439911
1.0	1.975	-0.07301195323840659
2.0	1.975	3.8407650135547837
3.0	1.975	-0.0451729729375644

0.0	2.0	2.4398588907329555
1.0	2.0	-0.07396191510371253
2.0	2.0	3.808899305502099
3.0	2.0	-0.030932074927141753

0.0	2.025	2.534685141076095
1.0	2.025	-0.07456319207271989
2.0	2.025	3.7772256191142253
3.0	2.025	-0.017248251140240853

0.0	2.0500000000000003	2.6287210619427834
1.0	2.0500000000000003	-0.07482750485146639
2.0	2.0500000000000003	3.745659007224702
3.0	2.0500000000000003	-0.003946357452667176

0.0	2.075	2.7219682948125996
1.0	2.075	-0.07476228698184251
2.0	2.075	3.7141169542694183
3.0	2.075	0.009141810320275319

0.0	2.1	2.8144264374024637
1.0	2.1	-0.07437083068203876
2.0	2.1	3.6825182977469555
3.0	2.1	0.022179712276029724

0.0	2.125	2.9060930643439065
1.0	2.125	-0.07365237893537824
2.0	2.125	3.650782180361731
3.0	2.125	0.035328173165434115

0.0	2.15	2.9975857155099
1.0	2.15	-0.07322022664437533
2.0	2.15	3.668613008853171
3.0	2.15	-6.464893213537562E-4

0.0	2.1750000000000003	3.0895237472366106
1.0	2.1750000000000003	-0.07368105256150237
2.0	2.1750000000000003	3.6864474087190957
3.0	2.1750000000000003	-0.03618193560790228

0.0	2.2	3.1812879631738245
1.0	2.2	-0.07441129737953744
2.0	2.2	3.6547201013900192
3.0	2.2	-0.022326813265650766

0.0	2.225	3.2722609049003464
1.0	2.225	-0.07480110772391058
2.0	2.225	3.623131384031237
3.0	2.225	-0.008918169770565566

0.0	2.25	3.362444992435003
1.0	2.25	-0.07485950246299211
2.0	2.25	3.591598061046266
3.0	2.25	0.004214332586604292

0.0	2.275	3.451840590059285
1.0	2.275	-0.07459131598694313
2.0	2.275	3.560038690143311
3.0	2.275	0.01723547806747601

0.0	2.3000000000000003	3.5404460368817525
1.0	2.3000000000000003	-0.07399731017312838
2.0	2.3000000000000003	3.5283725257398104
3.0	2.3000000000000003	0.030306633176400456

0.0	2.325	3.628257651299896
1.0	2.325	-0.07307423389568868
2.0	2.325	3.4965184853062623
3.0	2.325	0.043587811780551385

0.0	2.35	3.715891767790058
1.0	2.35	-0.07243298581680158
2.0	2.35	3.514185766274648
3.0	2.35	0.007837700165174794

0.0	2.375	3.803966558937684
1.0	2.375	-0.07267788437794565
2.0	2.375	3.5318070049817845
3.0	2.375	-0.027375470213897177

0.0	2.4000000000000004	3.892483451939181
1.0	2.4000000000000004	-0.07380082349304828
2.0	2.4000000000000004	3.549588122713879
3.0	2.4000000000000004	-0.06247553558408887

0.0	2.4250000000000003	3.9808271714569017
1.0	2.4250000000000003	-0.07518633719313961
2.0	2.4250000000000003	3.517966763709588
3.0	2.4250000000000003	-0.04850896657246726

0.0	2.45	4.068384293785056
1.0	2.45	-0.07623267503597475
2.0	2.45	3.486646293356132
3.0	2.45	-0.03531186642859285

0.0	2.475	4.155161307558096
1.0	2.475	-0.07695690337583905
2.0	2.475	3.4555447512316606
3.0	2.475	-0.02271239577567761

0.0	2.5	4.241162702271616
1.0	2.5	-0.07737191723163228
2.0	2.5	3.4245839887291623
3.0	2.5	-0.010548316570736373

0.0	2.5250000000000004	4.3263910504817975
1.0	2.5250000000000004	-0.07748665313869019
2.0	2.5250000000000004	3.39368863019354
3.0	2.5250000000000004	0.0013351603211217387

0.0	2.5500000000000003	4.410847064643074
1.0	2.5500000000000003	-0.07730624973409839
2.0	2.5500000000000003	3.362785080838389
3.0	2.5500000000000003	0.01308740841280107

0.0	2.575	4.49452962960354
1.0	2.575	-0.07683215872902238
2.0	2.575	3.331800569459627
3.0	2.575	0.02485432557459724

0.0	2.6	4.577435811480013
1.0	2.6	-0.07606220828846233
2.0	2.6	3.300662214152415
3.0	2.6	0.03678020550997643

0.0	2.625	4.66018261724878
1.0	2.625	-0.07560835201322469
2.0	2.625	3.319064554562776
3.0	2.625	-3.5811930887786475E-4

0.0	2.6500000000000004	4.743389057606173
1.0	2.6500000000000004	-0.07607631474838072
2.0	2.6500000000000004	3.33746876936571
3.0	2.6500000000000004	-0.037039350887672406

0.0	2.6750000000000003	4.8264361941097995
1.0	2.6750000000000003	-0.07684258844571978
2.0	2.6750000000000003	3.3063338331074514
3.0	2.6750000000000003	-0.024352189915768555

0.0	2.7	4.908707004834193
1.0	2.7	-0.07729772341604679
2.0	2.7	3.275349845690627
3.0	2.7	-0.01212165639879658

0.0	2.725	4.99020431102404
1.0	2.725	-0.07745117288829029
2.0	2.725	3.244441010186324
3.0	2.725	-1.9187042215001136E-4

0.0	2.75	-4.92907093508239
1.0	2.75	-0.07730856828277943
2.0	2.75	3.2135334396832613
3.0	2.75	0.011587366148397211

0.0	2.7750000000000004	-4.849119614599287
1.0	2.7750000000000004	-0.07687183665896313
2.0	2.7750000000000004	3.182554194649553
3.0	2.7750000000000004	0.02336252337326865

0.0	2.8000000000000003	-4.769944430074043
1.0	2.8000000000000003	-0.07613927026849332
2.0	2.8000000000000003	3.1514303448443965
3.0	2.8000000000000003	0.03527822518145972

0.0	2.825	-4.690928152454772
1.0	2.825	-0.07572326781352068
2.0	2.825	3.169855643116732
3.0	2.825	-0.0018873907425559985

0.0	2.85	-4.6114515553813815
1.0	2.85	-0.07622998792789204
2.0	2.85	3.1882917192954765
3.0	2.85	-0.038613644171385346

0.0	2.875	-4.532133335110208
1.0	2.875	-0.07703639350573432
2.0	2.875	3.1571992391615114
3.0	2.875	-0.025991613571144264

0.0	2.9000000000000004	-4.453590253439665
1.0	2.9000000000000004	-0.07753352846678041
2.0	2.9000000000000004	3.1262678471510186
3.0	2.9000000000000004	-0.013845512199942452

0.0	2.9250000000000003	-4.37581922933425
1.0	2.9250000000000003	-0.07773133809198285
2.0	2.9250000000000003	3.0954222720251408
3.0	2.9250000000000003	-0.0020202604396238524

0.0	2.95	-4.298819036026626
1.0	2.95	-0.07763596886753454
2.0	2.95	3.064589281240597
3.0	2.95	0.009633297583800618

0.0	2.975	-4.222590262065649
1.0	2.975	-0.07724989210239919
2.0	2.975	3.0336967250496656
3.0	2.975	0.021260337564231103

0.0	3.0	-4.147135295911546
1.0	3.0	-0.07657197994143417
2.0	3.0	3.002672606682375
3.0	3.0	0.03300392386993729

0.0	3.0250000000000004	-4.0724583335705065
1.0	3.0250000000000004	-0.07559753534165559
2.0	3.0250000000000004	2.971444167128806
3.0	3.0250000000000004	0.045006827527154195

0.0	3.0500000000000003	-3.997943579235112
1.0	3.0500000000000003	-0.07493608927863704
2.0	3.0500000000000003	2.9897104115308264
3.0	3.0500000000000003	0.008038564897464871

0.0	3.075	-3.9229732020782357
1.0	3.075	-0.07519099859996281
2.0	3.075	3.0079295947490885
3.0	3.075	-0.028375441252932045

0.0	3.1	-3.8475457216098237
1.0	3.1	-0.07635389438656937
2.0	3.1	3.0263139276842366
3.0	3.1	-0.064672579772206

0.0	3.125	-3.77227595935283
1.0	3.125	-0.07780974625195469
2.0	3.125	2.9953271992119213
3.0	3.125	-0.0519420908213378

0.0	3.1500000000000004	-3.69777668464556
1.0	3.1500000000000004	-0.0789576210503391
2.0	3.1500000000000004	2.9646621700905706
3.0	3.1500000000000004	-0.04000734309079965

0.0	3.1750000000000003	-3.624040790357386
1.0	3.1750000000000003	-0.07981543220896548
2.0	3.1750000000000003	2.9342447736012516
3.0	3.1750000000000003	-0.02871175682568844

0.0	3.2	-3.55106296809081
1.0	3.2	-0.08039730698830994
2.0	3.2	2.9040050163586373
3.0	3.2	-0.017908679599825672

0.0	3.225	-3.4788396181964076
1.0	3.225	-0.08071380987677657
2.0	3.225	2.873876039847985
3.0	3.225	-0.007459425978244387

0.0	3.25	-3.4073687825921595
1.0	3.25	-0.08077211857742839
2.0	3.25	2.8437932326693462
3.0	3.25	0.0027685588580670783

0.0	3.2750000000000004	-3.3366500992588723
1.0	3.2750000000000004	-0.08057615538503349
2.0	3.2750000000000004	2.8136933823668295
3.0	3.2750000000000004	0.012903435405391215

0.0	3.3000000000000003	-3.266684777558732
1.0	3.3000000000000003	-0.08012667616835678
2.0	3.3000000000000003	2.783513855957145
3.0	3.3000000000000003	0.023070628835917886

0.0	3.325	-3.197475593792356
1.0	3.325	-0.07942131861627288
2.0	3.325	2.7531917985856773
3.0	3.325	0.033394432438811766

0.0	3.35	-3.1284054591240245
1.0	3.35	-0.07907185577824016
2.0	3.35	2.772405397198393
3.0	3.35	-0.005328865759159369

0.0	3.375	-3.058855065737831
1.0	3.375	-0.07968428624142199
2.0	3.375	2.791649655506829
3.0	3.375	-0.043633937557800644

0.0	3.4000000000000004	-2.9894421678648526
1.0	3.4000000000000004	-0.08063682579984288
2.0	3.4000000000000004	2.7614214623887907
3.0	3.4000000000000004	-0.03267051473045629

0.0	3.4250000000000003	-2.9207823117700866
1.0	3.4250000000000003	-0.0813222790214514
2.0	3.4250000000000003	2.7313952875112775
3.0	3.4250000000000003	-0.022243914855672446

0.0	3.45	-2.8528712596834547
1.0	3.45	-0.08175236816965992
2.0	3.45	2.7015066130915355
3.0	3.45	-0.012219535069268195

0.0	3.475	-2.7857063530930635
1.0	3.475	-0.08193553760587413
2.0	3.475	2.6716934764556375
3.0	3.475	-0.002469456734625685

0.0	3.5	-2.7192864591716814
1.0	3.5	-0.08187709964029644
2.0	3.5	2.6418956520226775
3.0	3.5	0.007129239050049873

0.0	3.5250000000000004	-2.653611937224182
1.0	3.5250000000000004	-0.08157933936940509
2.0	3.5250000000000004	2.612053865902828
3.0	3.5250000000000004	0.016696071644970993

0.0	3.5500000000000003	-2.588684624469615
1.0	3.5500000000000003	-0.08104158034084818
2.0	3.5500000000000003	2.5821090328442238
3.0	3.5500000000000003	0.026348697929335814

0.0	3.575	-2.524507840723998
1.0	3.575	-0.08026021236983105
2.0	3.575	2.552001505599814
3.0	3.575	0.0362044064144621

0.0	3.6	-2.460465042000058
1.0	3.6	-0.07984580979987754
2.0	3.6	2.57140632494174
3.0	3.6	-0.002937676996491237

0.0	3.625	-2.395937381808025
1.0	3.625	-0.08040334253767512
2.0	3.625	2.590827926783582
3.0	3.625	-0.041628134577356396

0.0	3.6500000000000004	-2.331542867514022
1.0	3.6500000000000004	-0.08131035362655403
2.0	3.6500000000000004	2.560770610932818
3.0	3.6500000000000004	-0.031029512242920443

0.0	3.6750000000000003	-2.267897255532482
1.0	3.6750000000000003	-0.08195907920184098
2.0	3.6750000000000003	2.530905084688396
3.0	3.6750000000000003	-0.020942960500675446

0.0	3.7	-2.2049965368271662
1.0	3.7	-0.08236067987204976
2.0	3.7	2.5011689646795894
3.0	3.7	-0.011238391978428828

0.0	3.725	-2.1428382299487345
1.0	3.725	-0.08252314722566467
2.0	3.725	2.4715022922342578
3.0	3.725	-0.0017920929878237311

0.0	3.75	-2.0814213303760045
1.0	3.75	-0.08245144264052229
2.0	3.75	2.441846742714752
3.0	3.75	0.007514903890862495

0.0	3.7750000000000004	-2.0207462792146957
1.0	3.7750000000000004	-0.08214759645741943
2.0	3.7750000000000004	2.4121448658883047
3.0	3.7750000000000004	0.01679836676684977

0.0	3.8000000000000003	-1.9608149506033683
1.0	3.8000000000000003	-0.08161076927068223
2.0	3.8000000000000003	2.382339347342291
3.0	3.8000000000000003	0.02617235146464656

0.0	3.825	-1.9016306574218025
1.0	3.825	-0.08083727658755002
2.0	3.825	2.3523722812900565
3.0	3.825	0.03575064818663003

0.0	3.85	-1.8425768631641946
1.0	3.85	-0.08043761877299893
2.0	3.85	2.3719157736765992
3.0	3.85	-0.0036641104541714764

0.0	3.875	-1.7830346912066066
1.0	3.875	-0.08101677129437412
2.0	3.875	2.3914802330756446
3.0	3.875	-0.042632386757924016

0.0	3.9000000000000004	-1.7236219634561463
1.0	3.9000000000000004	-0.08195253685420134
2.0	3.9000000000000004	2.361576549899513
3.0	3.9000000000000004	-0.03232735122840419

0.0	3.9250000000000003	-1.6649542019061498
1.0	3.9250000000000003	-0.08263750123837177
2.0	3.9250000000000003	2.331872590873038
3.0	3.9250000000000003	-0.02254655299882142

0.0	3.95	-1.6070271755190086
1.0	3.95	-0.08308317416507904
2.0	3.95	2.302307878249753
3.0	3.95	-0.013163521503557518

0.0	3.975	-1.5498381320103178
1.0	3.975	-0.08329798854650683
2.0	3.975	2.2728244584206605
3.0	3.975	-0.0040583108743252674

0.0	4.0	-1.4933857444003926
1.0	4.0	-0.08328744364246177
2.0	4.0	2.2433661357498798
3.0	4.0	0.004884081676558178

0.0	4.025	-1.437670076294857
1.0	4.025	-0.0830542097467184
2.0	4.025	2.2138777387617985
3.0	4.025	0.013775215047165631

0.0	4.05	-1.3826925652077666
1.0	4.05	-0.08259819621463649
2.0	4.05	2.1843044089578396
3.0	4.05	0.022724641004077395

0.0	4.075	-1.3284560234795022
1.0	4.075	-0.08191658415317704
2.0	4.075	2.154590902878965
3.0	4.075	0.031841297535833

0.0	4.1000000000000005	-1.2749646565723185
1.0	4.1000000000000005	-0.08100382462927769
2.0	4.1000000000000005	2.1246808983413925
3.0	4.1000000000000005	0.041234877006839005

0.0	4.125	-1.2216027943496033
1.0	4.125	-0.08046863038882357
2.0	4.125	2.1442473734652383
3.0	4.125	0.0017055089990574562

0.0	4.15	-1.1677523689095601
1.0	4.15	-0.0809143004223003
2.0	4.15	2.1638037659327423
3.0	4.15	-0.03731276493283379

0.0	4.175	-1.1140319929132376
1.0	4.175	-0.08171701507243512
2.0	4.175	2.13385940019128
3.0	4.175	-0.02699199505918049

0.0	4.2	-1.0610580112123007
1.0	4.2	-0.08226772004305083
2.0	4.2	2.104081830263966
3.0	4.2	-0.017130292162714108

0.0	4.2250000000000005	-1.008827021152275
1.0	4.2250000000000005	-0.08257629545730794
2.0	4.2250000000000005	2.074410095186687
3.0	4.2250000000000005	-0.0076010224605267355

0.0	4.25	-0.9573371161095426
1.0	4.25	-0.08264953036663414
2.0	4.25	2.044785341745002
3.0	4.25	0.0017167374561297879

0.0	4.275	-0.9065878425202974
1.0	4.275	-0.08249124554047071
2.0	4.275	2.0151500520122694
3.0	4.275	0.010939784424608853

0.0	4.3	-0.8565801758621081
1.0	4.3	-0.08210237760517813
2.0	4.3	1.9854472979383697
3.0	4.3	0.020182300399774672

0.0	4.325	-0.8073165150351023
1.0	4.325	-0.08148102608260643
2.0	4.325	1.9556200131830532
3.0	4.325	0.02955731205419177

0.0	4.3500000000000005	-0.7588006948307829
1.0	4.3500000000000005	-0.08062246438976217
2.0	4.3500000000000005	1.9256102727171311
3.0	4.3500000000000005	0.039178117413169004

0.0	4.375	-0.7104166775541964
1.0	4.375	-0.08013619536403205
2.0	4.375	1.945092278795925
3.0	4.375	-1.5600570946503606E-4

0.0	4.4	-0.6615460722777922
1.0	4.4	-0.08062621846733542
2.0	4.4	1.9645749668110684
3.0	4.4	-0.03900336550539171

0.0	4.425	-0.6128072600870964
1.0	4.425	-0.08146925453212006
2.0	4.425	1.9345647620919677
3.0	4.425	-0.028530748386010357

0.0	4.45	-0.5648163671238053
1.0	4.45	-0.08205674872951363
2.0	4.45	1.9047308880502982
3.0	4.45	-0.018537980216390897

0.0	4.4750000000000005	-0.5175697629455329
1.0	4.4750000000000005	-0.08239907662070678
2.0	4.4750000000000005	1.8750115581972138
3.0	4.4750000000000005	-0.008896543908271253

0.0	4.5	-0.4710653322423014
1.0	4.5	-0.08250347891792309
2.0	4.5	1.845347214819167
3.0	4.5	5.161070826714808E-4

0.0	4.525	-0.425302428975466
1.0	4.525	-0.08237419047371475
2.0	4.525	1.8156797459299163
3.0	4.525	0.009818156365131525

0.0	4.55	-0.3802818497146832
1.0	4.55	-0.08201253006575904
2.0	4.55	1.7859517307920456
3.0	4.55	0.01912495683613952

0.0	4.575	-0.3360058255833459
1.0	4.575	-0.08141695260593806
2.0	4.575	1.7561057040915884
3.0	4.575	0.028550507820782046

0.0	4.6000000000000005	-0.29247803246663373
1.0	4.6000000000000005	-0.08058306490682021
2.0	4.6000000000000005	1.7260834291818814
3.0	4.6000000000000005	0.038208896503315236

0.0	4.625	-0.2490822781979899
1.0	4.625	-0.08012068949812345
2.0	4.625	1.7455590021569798
3.0	4.625	-0.0011002119877945651

0.0	4.65	-0.2052000282609812
1.0	4.65	-0.08063412442005635
2.0	4.65	1.76504071960643
3.0	4.65	-0.03993398225909656

0.0	4.675	-0.16144952596645168
1.0	4.675	-0.08150037516596953
2.0	4.675	1.7350351736072935
3.0	4.675	-0.029459219619361224

0.0	4.7	-0.1184467548071545
1.0	4.7	-0.08211117318328931
2.0	4.7	1.7052116911790323
3.0	4.7	-0.019475710751240535

0.0	4.7250000000000005	-0.07618794049265068
1.0	4.7250000000000005	-0.08247717845901725
2.0	4.7250000000000005	1.6755085399846374
3.0	4.7250000000000005	-0.00985490690749156

0.0	4.75	-0.03467082160487731
1.0	4.75	-0.08260591712451415
2.0	4.75	1.645866289003737
3.0	4.75	-4.743724546129608E-4

0.0	4.775	0.006105398083469243
1.0	4.775	-0.08250191400057183
2.0	4.775	1.6162270261980063
3.0	4.775	0.008783823111670003

0.0	4.800000000000001	0.04614007812182296
1.0	4.800000000000001	-0.0821667859511166
2.0	4.800000000000001	1.586533605666103
3.0	4.800000000000001	0.01803463596496415

0.0	4.825	0.08543115133860374
1.0	4.825	-0.08159929771929697
2.0	4.825	1.5567289143811274
3.0	4.825	0.0273915218653207

0.0	4.8500000000000005	0.1239751156112523
1.0	4.8500000000000005	-0.08079538142404985
2.0	4.8500000000000005	1.5267551489369267
3.0	4.8500000000000005	0.03696787256474115

0.0	4.875	0.16238832570067094
1.0	4.875	-0.08036517026532053
2.0	4.875	1.546284993656348
3.0	4.875	-0.00243467928470234

0.0	4.9	0.2012894836382143
1.0	4.9	-0.08091328538793974
2.0	4.9	1.5658286975814042
3.0	4.9	-0.04137643430866405

0.0	4.925000000000001	0.24006057596400512
1.0	4.925000000000001	-0.08181715263309286
2.0	4.925000000000001	1.535895940541669
3.0	4.925000000000001	-0.03102890732943219

0.0	4.95	0.2780858758478605
1.0	4.95	-0.08246896520416591
2.0	4.95	1.5061549049762817
3.0	4.95	-0.02119025031772031

0.0	4.9750000000000005	0.315369410021164
1.0	4.9750000000000005	-0.08287984257563075
2.0	4.9750000000000005	1.4765447574491128
3.0	4.9750000000000005	-0.011733476285318064

0.0	5.0	0.35191371631520396
1.0	5.0	-0.08305781211868002
2.0	5.0	1.4470070876288306
3.0	5.0	-0.0025379311103017888

0.0	5.025	0.3877198945290852
1.0	5.025	-0.08300794738206285
2.0	5.025	1.417485137532647
3.0	5.025	0.006512294642002528

0.0	5.050000000000001	0.42278763843770584
1.0	5.050000000000001	-0.08273246771125642
2.0	5.050000000000001	1.387923061827436
3.0	5.050000000000001	0.015529873910077761

0.0	5.075	0.4571152495932923
1.0	5.075	-0.08223080095261537
2.0	5.075	1.3582652094101064
3.0	5.075	0.024625691413089425

0.0	5.1000000000000005	0.49069963333375766
1.0	5.1000000000000005	-0.08149961049947407
2.0	5.1000000000000005	1.3284554168242166
3.0	5.1000000000000005	0.033910251138042566

0.0	5.125	0.5241575201008588
1.0	5.125	-0.0811497260742815
2.0	5.125	1.3481619706517303
3.0	5.125	-0.005808894682410658

0.0	5.15	0.5581080123854713
1.0	5.15	-0.08178652277065268
2.0	5.15	1.36790185697645
3.0	5.15	-0.045102973720306395

0.0	5.175000000000001	0.5919336996603349
1.0	5.175000000000001	-0.08278850052119324
2.0	5.175000000000001	1.338194392751586
3.0	5.175000000000001	-0.03515840597360518

0.0	5.2	0.6250195384063026
1.0	5.2	-0.0835490559229104
2.0	5.2	1.3087040165126782
3.0	5.2	-0.025768156659589505

0.0	5.2250000000000005	0.6573702236488796
1.0	5.2250000000000005	-0.084080505358898
2.0	5.2250000000000005	1.2793726757680282
3.0	5.2250000000000005	-0.01681018407158718

0.0	5.25	0.6889890349536923
1.0	5.25	-0.08439220368930833
2.0	5.25	1.25014506010086
3.0	5.25	-0.00816934511174221

0.0	5.275	0.7198778957074612
1.0	5.275	-0.08449069744403559
2.0	5.275	1.2209678661766872
3.0	5.275	2.641302739153032E-4

0.0	5.300000000000001	0.7500374144841891
1.0	5.300000000000001	-0.08437984100835472
2.0	5.300000000000001	1.1917890979611192
3.0	5.300000000000001	0.00859607740893662

0.0	5.325	0.7794669092591009
1.0	5.325	-0.08406087773910897
2.0	5.325	1.1625573927909838
3.0	5.325	0.01692976726505358

0.0	5.3500000000000005	0.8081644150034074
1.0	5.3500000000000005	-0.0835324874789336
2.0	5.3500000000000005	1.1332213642941489
3.0	5.3500000000000005	0.02536722722143507

0.0	5.375	0.8361266749718782
1.0	5.375	-0.08279080148906282
2.0	5.375	1.1037289534681167
3.0	5.375	0.03401052967051908

0.0	5.4	0.8639702286243336
1.0	5.4	-0.08244612937209794
2.0	5.4	1.1237420106054135
3.0	5.4	-0.006325312609416635

0.0	5.425000000000001	0.89231408027992
1.0	5.425000000000001	-0.08310352081008965
2.0	5.425000000000001	1.1437913084177225
3.0	5.425000000000001	-0.046234413696299825

0.0	5.45	0.920541067983727
1.0	5.45	-0.0841417220067644
2.0	5.45	1.114410427255386
3.0	5.45	-0.03692644403718523

0.0	5.4750000000000005	0.9480364971575721
1.0	5.4750000000000005	-0.08495456842139326
2.0	5.4750000000000005	1.0852573346327479
3.0	5.4750000000000005	-0.028186301087232062

0.0	5.5	0.9748053806879605
1.0	5.5	-0.08555481185575431
2.0	5.5	1.0562780235475446
3.0	5.5	-0.019899779301615163

0.0	5.525	1.0008514186791886
1.0	5.525	-0.08595244034343885
2.0	5.525	1.027421360842213
3.0	5.525	-0.01195973619745747

0.0	5.550000000000001	1.0261770616738288
1.0	5.550000000000001	-0.08615483668797275
2.0	5.550000000000001	0.9986384040886825
3.0	5.550000000000001	-0.004264665793025064

0.0	5.575	1.0507835572770015
1.0	5.575	-0.08616690249455594
2.0	5.575	0.9698817555137749
3.0	5.575	0.003282638458892014

0.0	5.6000000000000005	1.0746709810003123
1.0	5.6000000000000005	-0.08599114970406063
2.0	5.6000000000000005	0.9411049442206133
3.0	5.6000000000000005	0.01077634935582284

0.0	5.625	1.0978382519275334
1.0	5.625	-0.08562776119834581
2.0	5.625	0.9122618283394378
3.0	5.625	0.01830881732807735

0.0	5.65	1.1202831335991537
1.0	5.65	-0.08507462163021806
2.0	5.65	0.883306009069326
3.0	5.65	0.02597174372479972

0.0	5.675000000000001	1.1420022203154545
1.0	5.675000000000001	-0.08432731923543457
2.0	5.675000000000001	0.8541902488408881
3.0	5.675000000000001	0.03385733150015424

0.0	5.7	1.1636118638625297
1.0	5.7	-0.08399562692142126
2.0	5.7	0.8745684348153004
3.0	5.7	-0.007210030431718931

0.0	5.7250000000000005	1.1857309884976912
1.0	5.7250000000000005	-0.0846842844255491
2.0	5.7250000000000005	0.894987858836962
3.0	5.7250000000000005	-0.04785183604248374

0.0	5.75	1.2077427707574973
1.0	5.75	-0.08577241633926747
2.0	5.75	0.865999443335894
3.0	5.75	-0.039305929915699526

0.0	5.775	1.2290329760458527
1.0	5.775	-0.08665446748320171
2.0	5.775	0.8372532076338741
3.0	5.775	-0.03134719393490244

0.0	5.800000000000001	1.2496070373577162
1.0	5.800000000000001	-0.08734378995257686
2.0	5.800000000000001	0.8086999951657143
3.0	5.800000000000001	-0.023870788473068928

0.0	5.825	1.2694691982398167
1.0	5.825	-0.08785120890702203
2.0	5.825	0.7802936992382006
3.0	5.825	-0.016779171247188744

0.0	5.8500000000000005	1.2886225811825511
1.0	5.8500000000000005	-0.08818518843609446
2.0	5.8500000000000005	0.7519906419144381
3.0	5.8500000000000005	-0.009980788788349688

0.0	5.875	1.3070692409942672
1.0	5.875	-0.08835196590536398
2.0	5.875	0.723748992351397
3.0	5.875	-0.0033888605408558337

0.0	5.9	1.3248102040435992
1.0	5.9	-0.08835565688837121
2.0	5.9	0.6955282166113448
3.0	5.9	0.003079761049404363

0.0	5.925000000000001	1.3418454940613926
1.0	5.925000000000001	-0.08819833238766783
2.0	5.925000000000001	0.6672885513885319
3.0	5.925000000000001	0.00950567000944226

0.0	5.95	1.3581741450094797
1.0	5.95	-0.08788006967130535
2.0	5.95	0.638990494456663
3.0	5.95	0.01596794050101963

0.0	5.9750000000000005	1.37379420134756
1.0	5.9750000000000005	-0.0873989776954005
2.0	5.9750000000000005	0.6105943049400824
3.0	5.9750000000000005	0.022545128531754895

0.0	6.0	1.3887027058600097
1.0	6.0	-0.08675119774466467
2.0	6.0	0.5820595067390417
3.0	6.0	0.029316254977211326

0.0	6.025	1.4028956750398285
1.0	6.025	-0.08593087959718027
2.0	6.025	0.5533443885989672
3.0	6.025	0.03636178273027631

0.0	6.050000000000001	1.4169888537424866
1.0	6.050000000000001	-0.08554639602059666
2.0	6.050000000000001	0.5740951192527745
3.0	6.050000000000001	-0.005485442402657914

0.0	6.075	1.431600694227937
1.0	6.075	-0.0862013656341798
2.0	6.075	0.5948770883506378
3.0	6.075	-0.04687710085331026

0.0	6.1000000000000005	1.446114329794035
1.0	6.1000000000000005	-0.08727450827306349
2.0	6.1000000000000005	0.566257812838859
3.0	6.1000000000000005	-0.03907867286397706

0.0	6.125	1.459915586411513
1.0	6.125	-0.0881600829022382
2.0	6.125	0.5378790470416679
3.0	6.125	-0.03185503453158706

0.0	6.15	1.473009912569734
1.0	6.15	-0.08887124755606912
2.0	6.15	0.5096962046972493
3.0	6.15	-0.025110545480137993

0.0	6.175000000000001	1.4854016811088835
1.0	6.175000000000001	-0.08941886104841679
2.0	6.175000000000001	0.48166772252947515
3.0	6.175000000000001	-0.018756700956547023

0.0	6.2	1.497094257670394
1.0	6.2	-0.08981164624879057
2.0	6.2	0.4537544974862415
3.0	6.2	-0.012710939144027404

0.0	6.2250000000000005	1.5080900555839578
1.0	6.2250000000000005	-0.09005632470747571
2.0	6.2250000000000005	0.42591936317591456
3.0	6.2250000000000005	-0.006895539129244149

0.0	6.25	1.5183905780792968
1.0	6.25	-0.09015772470352346
2.0	6.25	0.39812659823801927
3.0	6.25	-0.0012365943243443167

0.0	6.275	1.5279964485349278
1.0	6.275	-0.09011886442355177
2.0	6.275	0.37034145982767175
3.0	6.275	0.004336952762128198

0.0	6.300000000000001	1.536907429310564
1.0	6.300000000000001	-0.08994101163865764
2.0	6.300000000000001	0.3425297357761208
3.0	6.300000000000001	0.009894227575692277

0.0	6.325	1.5451224295529384
1.0	6.325	-0.08962372092753235
2.0	6.325	0.31465730930452734
3.0	6.325	0.015503304781341001

0.0	6.3500000000000005	1.552639502214958
1.0	6.3500000000000005	-0.08916484919210532
2.0	6.3500000000000005	0.286689730412198
3.0	6.3500000000000005	0.02123206551666559

0.0	6.375	1.5594558303834491
1.0	6.375	-0.08856054992392437
2.0	6.375	0.2585917882346836
3.0	6.375	0.027149041934331933

0.0	6.4	1.565567702869624
1.0	6.4	-0.08780524640134502
2.0	6.4	0.2303270787748089
3.0	6.4	0.03332426000581089

0.0	6.425000000000001	1.5709704788771695
1.0	6.425000000000001	-0.086891583726036
2.0	6.425000000000001	0.20185756245647013
3.0	6.425000000000001	0.03983009135974795

0.0	6.45	1.5762792376343149
1.0	6.45	-0.08642647751501364
2.0	6.45	0.22282529265129614
3.0	6.45	-0.0024966365026064113

0.0	6.4750000000000005	1.582111863795586
1.0	6.4750000000000005	-0.08701228827074203
2.0	6.4750000000000005	0.24380709227645386
3.0	6.4750000000000005	-0.044326810273216354

0.0	6.5	1.5878511722288111
1.0	6.5	-0.08802690275838998
2.0	6.5	0.21537921129048865
3.0	6.5	-0.03694101711534934

0.0	6.525	1.5928827153364487
1.0	6.525	-0.08886386124639678
2.0	6.525	0.18717855420473575
3.0	6.525	-0.030098591662288503

0.0	6.550000000000001	1.5972116396209184
1.0	6.550000000000001	-0.08953560079884859
2.0	6.550000000000001	0.1591629164056939
3.0	6.550000000000001	-0.023708988294684517

0.0	6.575	1.600842073288066
1.0	6.575	-0.0900523815570331
2.0	6.575	0.1312929464783448
3.0	6.575	-0.017688402522322393

0.0	6.6000000000000005	1.6037771908398044
1.0	6.6000000000000005	-0.09042244096897178
2.0	6.6000000000000005	0.10353161400318997
3.0	6.6000000000000005	-0.011958642650277736

0.0	6.625	1.6060192648394258
1.0	6.625	-0.09065212091241648
2.0	6.625	0.07584371438244536
3.0	6.625	-0.006446087089818191

0.0	6.65	1.6075697056881249
1.0	6.65	-0.0907459696700137
2.0	6.65	0.04819540379756916
3.0	6.65	-0.0010807129078833806

0.0	6.675000000000001	1.6084290900843725
1.0	6.675000000000001	-0.0907068203685899
2.0	6.675000000000001	0.0205537578337392
3.0	6.675000000000001	0.00420481774154256

0.0	6.7	1.6085971786809314
1.0	6.7	-0.0905358471721378
2.0	6.7	-0.0071136523231636085
3.0	6.7	0.009476025767547584

0.0	6.7250000000000005	1.6080729233058557
1.0	6.7250000000000005	-0.09023260021600521
2.0	6.7250000000000005	-0.03483917191025137
3.0	6.7250000000000005	0.014797449599423959

0.0	6.75	1.606854463972023
1.0	6.75	-0.0897950199842974
2.0	6.75	-0.06265546839389918
3.0	6.75	0.020233457089557805

0.0	6.775	1.6049391157628758
1.0	6.775	-0.08921943155988643
2.0	6.775	-0.09059593645782041
3.0	6.775	0.025849045558530466

0.0	6.800000000000001	1.6023233455484123
1.0	6.800000000000001	-0.08850051891306343
2.0	6.800000000000001	-0.11869510747485773
3.0	6.800000000000001	0.03171064037309142

0.0	6.825	1.5990027383535055
1.0	6.825	-0.08763127913763569
2.0	6.825	-0.1469890687274107
3.0	6.825	0.03788690226918472

0.0	6.8500000000000005	1.5955925668054252
1.0	6.8500000000000005	-0.08721895192041274
2.0	6.8500000000000005	-0.1258404665658503
3.0	6.8500000000000005	-0.0047792247229682325

0.0	6.875	1.5927109439198994
1.0	6.875	-0.08786630010172658
2.0	6.875	-0.10466475515129924
3.0	6.875	-0.04697125162742281

0.0	6.9	1.5897411295965895
1.0	6.9	-0.08895196013787121
2.0	6.9	-0.13287587875677592
3.0	6.9	-0.03998517677537141

0.0	6.925000000000001	1.5860691953672283
1.0	6.925000000000001	-0.08987034788468762
2.0	6.925000000000001	-0.16084123424485053
3.0	6.925000000000001	-0.0335745141911174

0.0	6.95	1.581700784068634
1.0	6.95	-0.09063476174695673
2.0	6.95	-0.18860037255082088
3.0	6.95	-0.027653596920137535

0.0	6.9750000000000005	1.576640589363914
1.0	6.9750000000000005	-0.09125644994935911
2.0	6.9750000000000005	-0.21618976359258746
3.0	6.9750000000000005	-0.02214389098186676

0.0	7.0	1.5708924264421762
1.0	7.0	-0.09174477531175462
2.0	7.0	-0.24364329508907864
3.0	7.0	-0.01697292777349329

0.0	7.025	1.5644592907614736
1.0	7.025	-0.0921073544969957
2.0	7.025	-0.2709927314030659
3.0	7.025	-0.012073327094794181

0.0	7.050000000000001	1.5573434057526288
1.0	7.050000000000001	-0.09235017382408195
2.0	7.050000000000001	-0.2982681388640668
3.0	7.050000000000001	-0.007381897176012853

0.0	7.075	1.5495462602462597
1.0	7.075	-0.0924776834133354
2.0	7.075	-0.32549828355047317
3.0	7.075	-0.002838799210182287

0.0	7.1000000000000005	1.5410686362411996
1.0	7.1000000000000005	-0.09249287113022397
2.0	7.1000000000000005	-0.3527110070928834
3.0	7.1000000000000005	0.0016132351371324462

0.0	7.125	1.5319106274979966
1.0	7.125	-0.0923973175169408
2.0	7.125	-0.3799335857077174
3.0	7.125	0.006029643942574389

0.0	7.15	1.5220716493146838
1.0	7.15	-0.09219123264210438
2.0	7.15	-0.40719307738294686
3.0	7.15	0.010464742982840714

0.0	7.175000000000001	1.5115504397218755
1.0	7.175000000000001	-0.09187347555561587
2.0	7.175000000000001	-0.4345166619154808
3.0	7.175000000000001	0.014972410906639078

0.0	7.2	1.500345052218875
1.0	7.2	-0.09144155680440669
2.0	7.2	-0.4619319783405303
3.0	7.2	0.019606760673029786

0.0	7.2250000000000005	1.4884528400603287
1.0	7.2250000000000005	-0.09089162424249864
2.0	7.2250000000000005	-0.489467464194529
3.0	7.2250000000000005	0.024422806011753152

0.0	7.25	1.475870431992559
1.0	7.25	-0.09021843215236558
2.0	7.25	-0.5171527010117559
3.0	7.25	0.029477131479757532

0.0	7.275	1.4625936992286555
1.0	7.275	-0.08941529348138744
2.0	7.275	-0.5450187704669589
3.0	7.275	0.0348285746153154

0.0	7.300000000000001	1.4492381281956122
1.0	7.300000000000001	-0.08908971422945555
2.0	7.300000000000001	-0.5234393796141454
3.0	7.300000000000001	-0.008665854139604051

0.0	7.325	1.4364221430780781
1.0	7.325	-0.08984493726354259
2.0	7.325	-0.5018107981656518
3.0	7.325	-0.051721158868392056

0.0	7.3500000000000005	1.4235298341779536
1.0	7.3500000000000005	-0.09106091812412309
2.0	7.3500000000000005	-0.5295241423257293
3.0	7.3500000000000005	-0.045669573894822894

0.0	7.375	1.4099482682707958
1.0	7.375	-0.09213368205336181
2.0	7.375	-0.556957261467106
3.0	7.375	-0.04025070049191752

0.0	7.4	1.3956840248488005
1.0	7.4	-0.09307810104927938
2.0	7.4	-0.5841436244540604
3.0	7.4	-0.035390264584036914

0.0	7.425000000000001	1.3807428913385649
1.0	7.425000000000001	-0.09390729011293786
2.0	7.425000000000001	-0.6111132023841729
3.0	7.425000000000001	-0.031021816833999658

0.0	7.45	1.3651299451556784
1.0	7.45	-0.09463279106173772
2.0	7.45	-0.6378928917238542
3.0	7.45	-0.027085805838781726

0.0	7.4750000000000005	1.348849625757708
1.0	7.4750000000000005	-0.09526473443804306
2.0	7.4750000000000005	-0.6645068922662298
3.0	7.4750000000000005	-0.02352875047462857

0.0	7.5	1.3319057977552058
1.0	7.5	-0.09581198184119799
2.0	7.5	-0.6909770453994967
3.0	7.5	-0.020302499554402005

0.0	7.525	1.31430180601023
1.0	7.525	-0.09628225073084451
2.0	7.525	-0.717323137616613
3.0	7.525	-0.017363568203544528

0.0	7.550000000000001	1.2960405235350505
1.0	7.550000000000001	-0.09668222349884559
2.0	7.550000000000001	-0.7435631736897257
3.0	7.550000000000001	-0.014672541476238993

0.0	7.575	1.277124392898919
1.0	7.575	-0.09701764238277022
2.0	7.575	-0.7697136234775328
3.0	7.575	-0.012193536724873553

0.0	7.6000000000000005	1.257555461756738
1.0	7.6000000000000005	-0.0972933915929417
2.0	7.6000000000000005	-0.7957896459302891
3.0	7.6000000000000005	-0.009893717111179041

0.0	7.625	1.237335413028858
1.0	7.625	-0.09751356784452447
2.0	7.625	-0.8218052935030896
3.0	7.625	-0.00774284941511106

0.0	7.65	1.2164655901849224
1.0	7.65	-0.09768154032361664
2.0	7.65	-0.8477736998803057
3.0	7.65	-0.005712899966676092

0.0	7.675000000000001	1.194947018015488
1.0	7.675000000000001	-0.09780000096935915
2.0	7.675000000000001	-0.8737072536491047
3.0	7.675000000000001	-0.0037776631052348153

0.0	7.7	1.172780419212115
1.0	7.7	-0.09787100582056496
2.0	7.7	-0.8996177603344098
3.0	7.7	-0.0019124170684936517

0.0	7.7250000000000005	1.14996622701874
1.0	7.7250000000000005	-0.09789600805336995
2.0	7.7250000000000005	-0.9255165950181882
3.0	7.7250000000000005	-9.360263680987494E-5

0.0	7.75	1.1265045941636
1.0	7.75	-0.09787588322413399
2.0	7.75	-0.9514148476096551
3.0	7.75	0.0017014797858809002

0.0	7.775	1.1023953982309405
1.0	7.775	-0.09781094712764116
2.0	7.775	-0.9773234627072752
3.0	7.775	0.0034949586795848253

0.0	7.800000000000001	1.077638243584494
1.0	7.800000000000001	-0.0977009665830817
2.0	7.800000000000001	-1.003253375896169
3.0	7.800000000000001	0.0053086692929341745

0.0	7.825	1.0522324599095612
1.0	7.825	-0.09754516336800556
2.0	7.825	-1.0292156482539203
3.0	7.825	0.007164424510681895

0.0	7.8500000000000005	1.026177097396817
1.0	7.8500000000000005	-0.09734221143203037
2.0	7.8500000000000005	-1.0552216007924353
3.0	7.8500000000000005	0.009084282176637178

0.0	7.875	0.9994709185480932
1.0	7.875	-0.09709022743644624
2.0	7.875	-1.081282950542436
3.0	7.875	0.011090812259275822

0.0	7.9	0.9721123865417343
1.0	7.9	-0.09678675458178176
2.0	7.9	-1.1074119499897082
3.0	7.9	0.013207367207667985

0.0	7.925000000000001	0.9440996500521236
1.0	7.925000000000001	-0.09642873960170206
2.0	7.925000000000001	-1.1336215315980387
3.0	7.925000000000001	0.015458358850436877

0.0	7.95	0.9154305243740418
1.0	7.95	-0.09601250271730066
2.0	7.95	-1.1599254592028285
3.0	7.95	0.017869545239640103

0.0	7.9750000000000005	0.8861024686570581
1.0	7.9750000000000005	-0.0955337002597183
2.0	7.9750000000000005	-1.1863384881318852
3.0	7.9750000000000005	0.020468330934717508

0.0	8.0	0.8561125590075904
1.0	8.0	-0.09498727957998909
2.0	8.0	-1.2128765360062976
3.0	8.0	0.02328408435941421

0.0	8.025	0.8254574571659886
1.0	8.025	-0.09436742577203816
2.0	8.025	-1.2395568662951661
3.0	8.025	0.026348476047728227

0.0	8.05	0.7941333744123784
1.0	8.05	-0.09366749963656318
2.0	8.05	-1.266398286843888
3.0	8.05	0.02969584182448268

0.0	8.075000000000001	0.7621360302974215
1.0	8.075000000000001	-0.09287996620900252
2.0	8.075000000000001	-1.2934213657672033
3.0	8.075000000000001	0.03336357524334884

0.0	8.1	0.7300806313578282
1.0	8.1	-0.09261143086547463
2.0	8.1	-1.271020790058845
3.0	8.1	-0.01176549331331736

0.0	8.125	0.698585547565975
1.0	8.125	-0.09346472033907283
2.0	8.125	-1.2485537522554646
3.0	8.125	-0.056470826879674536

0.0	8.15	0.667035819590973
1.0	8.15	-0.09482101520954522
2.0	8.15	-1.275369147110182
3.0	8.15	-0.05215269495107846

0.0	8.175	0.6348197452035702
1.0	8.175	-0.09607809101098042
2.0	8.175	-1.3018655730892228
3.0	8.175	-0.048523677486249674

0.0	8.200000000000001	0.6019450084266146
1.0	8.200000000000001	-0.09725249246265655
2.0	8.200000000000001	-1.32806556094226
3.0	8.200000000000001	-0.04553059926323257

0.0	8.225	0.5684187799666658
1.0	8.225	-0.09835954233700406
2.0	8.225	-1.353987697989737
3.0	8.225	-0.043128758644484094

0.0	8.25	0.5342478120693033
1.0	8.25	-0.09941354470058883
2.0	8.25	-1.3796469178739337
3.0	8.25	-0.041281258176402616

0.0	8.275	0.4994385267625439
1.0	8.275	-0.10042797276404869
2.0	8.275	-1.4050547404739195
3.0	8.275	-0.03995844112115176

0.0	8.3	0.4639970986833972
1.0	8.3	-0.10141564387634716
2.0	8.3	-1.4302194659498144
3.0	8.3	-0.039137425111916396

0.0	8.325000000000001	0.4279295335910924
1.0	8.325000000000001	-0.10238888399505797
2.0	8.325000000000001	-1.4551463262781617
3.0	8.325000000000001	-0.0388017254304327

0.0	8.35	0.3912417435935233
1.0	8.35	-0.10335968379203564
2.0	8.35	-1.479837597083624
3.0	8.35	-0.03894096160315506

0.0	8.375	0.353939620049788
1.0	8.375	-0.10433984841016475
2.0	8.375	-1.5042926720631116
3.0	8.375	-0.0395506421068444

0.0	8.4	0.31602910506017606
1.0	8.4	-0.10534114276929074
2.0	8.4	-1.5285081018360003
3.0	8.4	-0.040632022973599774

0.0	8.425	0.27751626241441757
1.0	8.425	-0.1063754342257841
2.0	8.425	-1.5524775986372443
3.0	8.425	-0.0421920369969461

0.0	8.450000000000001	0.23840734883833078
1.0	8.450000000000001	-0.10745483431825775
2.0	8.450000000000001	-1.5761920078984801
3.0	8.450000000000001	-0.04424329107078032

0.0	8.475	0.19870888635704675
1.0	8.475	-0.1085918412798268
2.0	8.475	-1.59963924743644
3.0	8.475	-0.04680412994604939

0.0	8.5	0.15842773657857678
1.0	8.5	-0.10979948496305525
2.0	8.5	-1.6228042146908415
3.0	8.5	-0.04989876536753946

0.0	8.525	0.11757117769334605
1.0	8.525	-0.11109147580545375
2.0	8.525	-1.6456686622306655
3.0	8.525	-0.05355747015323043

0.0	8.55	0.07614698498199354
1.0	8.55	-0.11248235945909002
2.0	8.55	-1.6682110415870792
3.0	8.55	-0.05781683729501816

0.0	8.575000000000001	0.034163515623520595
1.0	8.575000000000001	-0.11398767871534154
2.0	8.575000000000001	-1.6904063153862563
3.0	8.575000000000001	-0.06272010458048967

0.0	8.6	-0.008370201403358438
1.0	8.6	-0.1156241443723669
2.0	8.6	-1.712225737764839
3.0	8.6	-0.06831754554200278

0.0	8.625	-0.051444369533719975
1.0	8.625	-0.11740981671547956
2.0	8.625	-1.7336366031809307
3.0	8.625	-0.07466692770379825

0.0	8.65	-0.09504832215887854
1.0	8.65	-0.11936429930501902
2.0	8.65	-1.7546019640200656
3.0	8.65	-0.08183403908094423

0.0	8.675	-0.13917041272750433
1.0	8.675	-0.12150894678763535
2.0	8.675	-1.7750803178866736
3.0	8.675	-0.08989328363145335

0.0	8.700000000000001	-0.18379789666625493
1.0	8.700000000000001	-0.12386708845810901
2.0	8.700000000000001	-1.7950252662311392
3.0	8.700000000000001	-0.09892834580185035

0.0	8.725	-0.2289168044350835
1.0	8.725	-0.12646426929122967
2.0	8.725	-1.8143851470751067
3.0	8.725	-0.10903292333942452

0.0	8.75	-0.27451180512004797
1.0	8.75	-0.12932851012512536
2.0	8.75	-1.8331026461736468
3.0	8.75	-0.12031152604325927

0.0	8.775	-0.3211808436796388
1.0	8.775	-0.131883232265114
2.0	8.775	-1.9003099586596768
3.0	8.775	-0.08435823125775828

0.0	8.8	-0.36952275556834285
1.0	8.8	-0.13355901415563842
2.0	8.8	-1.966970603988993
3.0	8.8	-0.04991841404683553

0.0	8.825000000000001	-0.41952668669907944
1.0	8.825000000000001	-0.1343879596781914
2.0	8.825000000000001	-2.033308081249822
3.0	8.825000000000001	-0.016537248254545042

0.0	8.85	-0.47057301999515594
1.0	8.85	-0.13499755224299825
2.0	8.85	-2.0503749673855727
3.0	8.85	-0.032245715286470245

0.0	8.875	-0.5220438734573413
1.0	8.875	-0.13600179837824555
2.0	8.875	-2.0672544319120907
3.0	8.875	-0.048140411941572536

0.0	8.9	-0.5739334140076731
1.0	8.9	-0.13740766722508013
2.0	8.9	-2.0838544774262044
3.0	8.9	-0.06440648547792807

0.0	8.925	-0.6262334904737067
1.0	8.925	-0.13922677033844622
2.0	8.925	-2.100081512164948
3.0	8.925	-0.08123050147193095

0.0	8.950000000000001	-0.6789335832464947
1.0	8.950000000000001	-0.14147542089038012
2.0	8.950000000000001	-2.115839516842548
3.0	8.950000000000001	-0.09880233493026605

0.0	8.975	-0.7320207335563212
1.0	8.975	-0.14417473951273507
2.0	8.975	-2.131029248872536
3.0	8.975	-0.11731701006931579

0.0	9.0	-0.7854794534416044
1.0	9.0	-0.1473508054543764
2.0	9.0	-2.1455474960283594
3.0	9.0	-0.13697648446810798

0.0	9.025	-0.8399033367650113
1.0	9.025	-0.1504320631105429
2.0	9.025	-2.2082320579525923
3.0	9.025	-0.10983991848518794

0.0	9.05	-0.8958852319423611
1.0	9.05	-0.15285705297818986
2.0	9.05	-2.2702166430036397
3.0	9.05	-0.08441596546467015

0.0	9.075000000000001	-0.9534097040517525
1.0	9.075000000000001	-0.15466427264074945
2.0	9.075000000000001	-2.331664594582769
3.0	9.075000000000001	-0.06036337046692927

0.0	9.1	-1.0124652756605488
1.0	9.1	-0.15588398005148107
2.0	9.1	-2.392729560600444
3.0	9.1	-0.03736342680946418

0.0	9.125	-1.0724337393188732
1.0	9.125	-0.1571395488798597
2.0	9.125	-2.4047007706070045
3.0	9.125	-0.06312562591230952

0.0	9.15	-1.1326973785187293
1.0	9.15	-0.15904367158725563
2.0	9.15	-2.4163196455616367
3.0	9.15	-0.08929691446474612

0.0	9.175	-1.1932455851934083
1.0	9.175	-0.16161026011536883
2.0	9.175	-2.427441992485279
3.0	9.175	-0.11617217273244157

0.0	9.200000000000001	-1.254673278650449
1.0	9.200000000000001	-0.164261683920099
2.0	9.200000000000001	-2.4866624471151613
3.0	9.200000000000001	-0.09620429667958666

0.0	9.225	-1.3175736872900174
1.0	9.225	-0.16643246973216463
2.0	9.225	-2.545279609485575
3.0	9.225	-0.07767775813072297

0.0	9.25	-1.3813248757604129
1.0	9.25	-0.16875317857431327
2.0	9.25	-2.55473102554521
3.0	9.25	-0.1080929505084459

0.0	9.275	-1.4459131213353555
1.0	9.275	-0.17124734395343566
2.0	9.275	-2.612225142094978
3.0	9.275	-0.09168116876834632

0.0	9.3	-1.5119313932489675
1.0	9.3	-0.17334834509107466
2.0	9.3	-2.669149723084543
3.0	9.3	-0.07660412220726795

0.0	9.325000000000001	-1.57936665930461
1.0	9.325000000000001	-0.17508695819399023
2.0	9.325000000000001	-2.725599859461976
3.0	9.325000000000001	-0.06265756501384288

0.0	9.35	-1.6482081652913074
1.0	9.35	-0.17648907545916437
2.0	9.35	-2.781662929695117
3.0	9.35	-0.0496545478921607

0.0	9.375	-1.7184472589015336
1.0	9.375	-0.1775761030968397
2.0	9.375	-2.8374199173482735
3.0	9.375	-0.03742271075047495

0.0	9.4	-1.7900772451117557
1.0	9.4	-0.1783652947897103
2.0	9.4	-2.8929466137603295
3.0	9.4	-0.025801818332982833

0.0	9.425	-1.863093270392235
1.0	9.425	-0.17887002618084757
2.0	9.425	-2.9483147247983803
3.0	9.425	-0.014641500767703179

0.0	9.450000000000001	-1.937492233575235
1.0	9.450000000000001	-0.17910001506633932
2.0	9.450000000000001	-3.003592899694789
3.0	9.450000000000001	-0.0037991637242251654

0.0	9.475	-2.0132727216478923
1.0	9.475	-0.1790614911186701
2.0	9.475	-3.058847698927992
3.0	9.475	0.006861964545562241

0.0	9.5	-2.0904349691474033
1.0	9.5	-0.17875731817811946
2.0	9.5	-3.114144517116246
3.0	9.5	0.017474679713703076

0.0	9.525	-2.1689808402243673
1.0	9.525	-0.17818707141373658
2.0	9.525	-3.169548476035886
3.0	9.525	0.028169569915678927

0.0	9.55	-2.2489138328089506
1.0	9.55	-0.17734707096368751
2.0	9.55	-3.2251253021887827
3.0	9.55	0.03907673324565714

0.0	9.575000000000001	-2.3302391046684607
1.0	9.575000000000001	-0.1762303730072734
2.0	9.575000000000001	-3.280942202837831
3.0	9.575000000000001	0.050327469943280544

0.0	9.600000000000001	-2.412963521488366
1.0	9.600000000000001	-0.17482671858864762
2.0	9.600000000000001	-3.3370687540944415
3.0	9.600000000000001	0.062055974174571954

0.0	9.625	-2.4970957274457404
1.0	9.625	-0.1731224398968294
2.0	9.625	-3.3935778144497806
3.0	9.625	0.07440104978723185

0.0	9.65	-2.5826462390775577
1.0	9.65	-0.17110032310096202
2.0	9.65	-3.450546477043335
3.0	9.65	0.08750787414542496

0.0	9.675	-2.669627563577654
1.0	9.675	-0.16873942623882598
2.0	9.675	-3.5080570738832035
3.0	9.675	0.10152983402854886

0.0	9.700000000000001	-2.7574458743553927
1.0	9.700000000000001	-0.16661257963057885
2.0	9.700000000000001	-3.517485031517273
3.0	9.700000000000001	0.06884863786396107

0.0	9.725000000000001	-2.8455049428105514
1.0	9.725000000000001	-0.16528708354201171
2.0	9.725000000000001	-3.5272888445161517
3.0	9.725000000000001	0.03735836860202195

0.0	9.75	-2.9338120199445417
1.0	9.75	-0.16473785531859164
2.0	9.75	-3.537297472916108
3.0	9.75	0.0066861098531749465

0.0	9.775	-3.0223701212020897
1.0	9.775	-0.1649489740145249
2.0	9.775	-3.5473429567172436
3.0	9.775	-0.023528676930120583

0.0	9.8	-3.111178091495101
1.0	9.8	-0.16591340974369473
2.0	9.8	-3.557259447974503
3.0	9.8	-0.05363725154728157

0.0	9.825000000000001	-3.20023064558202
1.0	9.825000000000001	-0.16763282988469896
2.0	9.825000000000001	-3.566882218555771
3.0	9.825000000000001	-0.08398463378332066

0.0	9.850000000000001	-3.2895183840209485
1.0	9.850000000000001	-0.17011747987798387
2.0	9.850000000000001	-3.5760467088503756
3.0	9.850000000000001	-0.11491252252699752

0.0	9.875	-3.3790277865100067
1.0	9.875	-0.17338613491392607
2.0	9.875	-3.5845876807941828
3.0	9.875	-0.14676203816806052

0.0	9.9	-3.4693479093887287
1.0	9.9	-0.17687079512605663
2.0	9.9	-3.6408786671619624
3.0	9.9	-0.13232831415889634

0.0	9.925	-3.561064934869724
1.0	9.925	-0.18001756216221665
2.0	9.925	-3.696354433767848
3.0	9.925	-0.11969819791108552

0.0	9.950000000000001	-3.6541595227356214
1.0	9.950000000000001	-0.18286920543962637
2.0	9.950000000000001	-3.7510962899809046
3.0	9.950000000000001	-0.1086901154243821

0.0	9.975000000000001	-3.74861422759689
1.0	9.975000000000001	-0.18546424992831945
2.0	9.975000000000001	-3.805174720345308
3.0	9.975000000000001	-0.09914564682434028

0.0	10.0	-3.8444132431238427
1.0	10.0	-0.18783752363662404
2.0	10.0	-3.8586505453792275
3.0	10.0	-0.0909270732233347


