
#Printing population 2:
0.0	0.0	-4.9975616380743695
1.0	0.0	0.5230219344969633
2.0	0.0	0.19509486832392894
3.0	0.0	-0.046103287779140245

0.0	0.025	-4.990242658616649
1.0	0.025	0.5212931758472745
2.0	0.025	0.39050150537684375
3.0	0.025	-0.09225807589106375

0.0	0.05	-4.978031344711683
1.0	0.05	0.5184033753405064
2.0	0.05	0.5865348232064502
3.0	0.05	-0.1390916443283844

0.0	0.07500000000000001	-4.960907992087715
1.0	0.07500000000000001	0.5143276494095197
2.0	0.07500000000000001	0.7835202044622243
3.0	0.07500000000000001	-0.18723954292428355

0.0	0.1	-4.939349118356546
1.0	0.1	0.5094631354623402
2.0	0.1	0.9413705197104022
3.0	0.1	-0.20228409915051748

0.0	0.125	-4.913829988749875
1.0	0.125	0.5041945733740825
2.0	0.125	1.1003593418766628
3.0	0.125	-0.21959546232843202

0.0	0.15000000000000002	-4.884320665890148
1.0	0.15000000000000002	0.4984627581734422
2.0	0.15000000000000002	1.260607792952949
3.0	0.15000000000000002	-0.23938185006470583

0.0	0.17500000000000002	-4.85078793748284
1.0	0.17500000000000002	0.49220285605684566
2.0	0.17500000000000002	1.4222572131464732
3.0	0.17500000000000002	-0.2618860341379284

0.0	0.2	-4.813194773557311
1.0	0.2	0.4853434862050623
2.0	0.2	1.5854722363753035
3.0	0.2	-0.2873898195658605

0.0	0.225	-4.771499699591808
1.0	0.225	0.47780568013098446
2.0	0.225	1.7504444605484641
3.0	0.225	-0.3162193859898449

0.0	0.25	-4.725656069360518
1.0	0.25	0.4695016951933688
2.0	0.25	1.9173968182322452
3.0	0.25	-0.34875163952611915

0.0	0.275	-4.675611218543952
1.0	0.275	0.4603336549440069
2.0	0.275	2.086588765359499
3.0	0.275	-0.38542174403398893

0.0	0.30000000000000004	-4.621305477097583
1.0	0.30000000000000004	0.4501919845273399
2.0	0.30000000000000004	2.258322412794211
3.0	0.30000000000000004	-0.4267320176064377

0.0	0.325	-4.562671015270909
1.0	0.325	0.438953604598197
2.0	0.325	2.4329497215335354
3.0	0.325	-0.4732623860842986

0.0	0.35000000000000003	-4.499630495416225
1.0	0.35000000000000003	0.4264798425789831
2.0	0.35000000000000003	2.610880855929115
3.0	0.35000000000000003	-0.5256825678838416

0.0	0.375	-4.432095500104091
1.0	0.375	0.4126140163847758
2.0	0.375	2.7925937210453777
3.0	0.375	-0.584766100913009

0.0	0.4	-4.3599647079979595
1.0	0.4	0.3971786445987071
2.0	0.4	2.97864456672082
3.0	0.4	-0.6514061736342471

0.0	0.42500000000000004	-4.283669452661472
1.0	0.42500000000000004	0.38047663957330613
2.0	0.42500000000000004	3.125691920330534
3.0	0.42500000000000004	-0.686132139045565

0.0	0.45	-4.203642610316002
1.0	0.45	0.3628007969535325
2.0	0.45	3.2772446189314426
3.0	0.45	-0.7294164515697293

0.0	0.47500000000000003	-4.119765765485592
1.0	0.47500000000000003	0.34392888890959483
2.0	0.47500000000000003	3.433777758282775
3.0	0.47500000000000003	-0.7819424202308309

0.0	0.5	-4.031907657203375
1.0	0.5	0.32361992894457536
2.0	0.5	3.595844913148114
3.0	0.5	-0.8445291345161464

0.0	0.525	-3.939922151315028
1.0	0.525	0.3016106597105228
2.0	0.525	3.764082833066795
3.0	0.525	-0.9181403585344077

0.0	0.55	-3.8442253528123485
1.0	0.55	0.2781642688857726
2.0	0.55	3.892666785208646
3.0	0.55	-0.9595114657095304

0.0	0.5750000000000001	-3.745236476814379
1.0	0.5750000000000001	0.2535353191330767
2.0	0.5750000000000001	4.027536065494672
3.0	0.5750000000000001	-1.0128655075102602

0.0	0.6000000000000001	-3.6427916741245365
1.0	0.6000000000000001	0.2274147356674554
2.0	0.6000000000000001	4.169235233571942
3.0	0.6000000000000001	-1.0789812107329828

0.0	0.625	-3.5373124391692694
1.0	0.625	0.20005574426210515
2.0	0.625	4.270193908648134
3.0	0.625	-1.1119265273867978

0.0	0.65	-3.4292258677892207
1.0	0.65	0.1717070633008717
2.0	0.65	4.377888853088275
3.0	0.65	-1.158242413315138

0.0	0.675	-3.318358601677367
1.0	0.675	0.14202775516072919
2.0	0.675	4.4927131891481595
3.0	0.675	-1.2184704798267438

0.0	0.7000000000000001	-3.2051440131012976
1.0	0.7000000000000001	0.11127154608637646
2.0	0.7000000000000001	4.565587898607815
3.0	0.7000000000000001	-1.2443924823980144

0.0	0.7250000000000001	-3.0900216619677527
1.0	0.7250000000000001	0.07968900877179763
2.0	0.7250000000000001	4.645368233417836
3.0	0.7250000000000001	-1.2846155097609984

0.0	0.75	-2.9734398099569423
1.0	0.75	0.04753916225732979
2.0	0.75	4.682286624277277
3.0	0.75	-1.289791028650779

0.0	0.775	-2.855851729602099
1.0	0.775	0.015078884068913112
2.0	0.775	4.725876506344776
3.0	0.775	-1.3094410239305512

0.0	0.8	-2.7377154685422993
1.0	0.8	-0.017429979500697357
2.0	0.8	4.726124450445356
3.0	0.8	-1.2937308448129403

0.0	0.8250000000000001	-2.6194907514197348
1.0	0.8250000000000001	-0.0497293391715381
2.0	0.8250000000000001	4.732942499042028
3.0	0.8250000000000001	-1.2926285637883665

0.0	0.8500000000000001	-2.501636567556978
1.0	0.8500000000000001	-0.08156171674451329
2.0	0.8500000000000001	4.696513497637933
3.0	0.8500000000000001	-1.256468182281366

0.0	0.875	-2.384609819309819
1.0	0.875	-0.11267548955427387
2.0	0.875	4.666715812252918
3.0	0.875	-1.2350445828993875

0.0	0.9	-2.2688618262789206
1.0	0.9	-0.14282436887832795
2.0	0.9	4.594279777609032
3.0	0.9	-1.1793985453279816

0.0	0.925	-2.1548395135831084
1.0	0.925	-0.171768223255496
2.0	0.925	4.528604100038931
3.0	0.925	-1.138499766777228

0.0	0.9500000000000001	-2.042981936445293
1.0	0.9500000000000001	-0.19927365232355143
2.0	0.9500000000000001	4.421178229273081
3.0	0.9500000000000001	-1.0644422718775384

0.0	0.9750000000000001	-1.9337240865941792
1.0	0.9750000000000001	-0.22511054172123934
2.0	0.9750000000000001	4.320538998142315
3.0	0.9750000000000001	-1.004823041975113

0.0	1.0	-1.8269027314173611
1.0	1.0	-0.24962583096092494
2.0	1.0	4.226175676780925
3.0	1.0	-0.958540538342465

0.0	1.0250000000000001	-1.7229521172335067
1.0	1.0250000000000001	-0.27257671327407706
2.0	1.0250000000000001	4.090951692924602
3.0	1.0250000000000001	-0.8797772926258998

0.0	1.05	-1.6223041608126638
1.0	1.05	-0.29372111931320966
2.0	1.05	3.9618533091071177
3.0	1.05	-0.8138009788131075

0.0	1.075	-1.5248136192223594
1.0	1.075	-0.3133628779761448
2.0	1.075	3.8382617794267326
3.0	1.075	-0.7593733906457256

0.0	1.1	-1.430349733137795
1.0	1.1	-0.3317770323243501
2.0	1.1	3.719637270788114
3.0	1.1	-0.715428442973482

0.0	1.125	-1.3393559211940915
1.0	1.125	-0.3486859654641936
2.0	1.125	3.560707799913363
3.0	1.125	-0.6390397160563732

0.0	1.1500000000000001	-1.2522752839992284
1.0	1.1500000000000001	-0.3638109525086932
2.0	1.1500000000000001	3.4064729943476544
3.0	1.1500000000000001	-0.5724981161265541

0.0	1.175	-1.1689983032001607
1.0	1.175	-0.3773828699419788
2.0	1.175	3.2563210042559017
3.0	1.175	-0.5146094443447263

0.0	1.2000000000000002	-1.089429603695361
1.0	1.2000000000000002	-0.389604888026156
2.0	1.2000000000000002	3.1097303600492254
3.0	1.2000000000000002	-0.46434773153312203

0.0	1.225	-1.013485834145106
1.0	1.225	-0.40065640686063375
2.0	1.225	2.96625878269247
3.0	1.225	-0.4208339101183895

0.0	1.25	-0.9410938224755017
1.0	1.25	-0.4106964813547407
2.0	1.25	2.825532504211089
3.0	1.25	-0.3833163729397294

0.0	1.2750000000000001	-0.8721889861048016
1.0	1.2750000000000001	-0.41986678854900994
2.0	1.2750000000000001	2.6872366215480143
3.0	1.2750000000000001	-0.35115383213181744

0.0	1.3	-0.8072482535349588
1.0	1.3	-0.4278086650013684
2.0	1.3	2.5084171303549665
3.0	1.3	-0.2850881972354138

0.0	1.3250000000000002	-0.7467506008659569
1.0	1.3250000000000002	-0.4341613915689351
2.0	1.3250000000000002	2.3317052908003673
3.0	1.3250000000000002	-0.2238541398794453

0.0	1.35	-0.6906494609923152
1.0	1.35	-0.43903363076174706
2.0	1.35	2.1566201318814886
3.0	1.35	-0.1664979337654563

0.0	1.375	-0.638909673138334
1.0	1.375	-0.44251134287111427
2.0	1.375	1.9827280531469302
3.0	1.375	-0.11215367667732141

0.0	1.4000000000000001	-0.5915064470754379
1.0	1.4000000000000001	-0.4446597337157936
2.0	1.4000000000000001	1.809631180319995
3.0	1.4000000000000001	-0.06002386154846963

0.0	1.425	-0.5484246021190199
1.0	1.425	-0.4455247444552306
2.0	1.425	1.63695697876232
3.0	1.425	-0.00936208667499542

0.0	1.4500000000000002	-0.5096580531577979
1.0	1.4500000000000002	-0.4451341307029857
2.0	1.4500000000000002	1.4643488272570175
3.0	1.4500000000000002	0.040542591816870005

0.0	1.475	-0.47520952343901696
1.0	1.475	-0.4434981660289772
2.0	1.475	1.2914572548887526
3.0	1.475	0.09038013772015116

0.0	1.5	-0.44509047113573597
1.0	1.5	-0.4406099935080352
2.0	1.5	1.1179315549940945
3.0	1.5	0.14083328460966268

0.0	1.5250000000000001	-0.41932122369678787
1.0	1.5250000000000001	-0.436445638289241
2.0	1.5250000000000001	0.9434115044519655
3.0	1.5250000000000001	0.19259097122444394

0.0	1.55	-0.3979313205877115
1.0	1.55	-0.4309636841365716
2.0	1.55	0.7675189315696914
3.0	1.55	0.24636185151407766

0.0	1.5750000000000002	-0.38096007124259307
1.0	1.5750000000000002	-0.4241046074408512
2.0	1.5750000000000002	0.5898488931113741
3.0	1.5750000000000002	0.3028882461287442

0.0	1.6	-0.36845734074289077
1.0	1.6	-0.41578975335399804
2.0	1.6	0.40996024631566463
3.0	1.6	0.3629608747770853

0.0	1.625	-0.36048458059379557
1.0	1.625	-0.40591993072219523
2.0	1.625	0.22736544625023786
3.0	1.625	0.427434663361307

0.0	1.6500000000000001	-0.3565726671823949
1.0	1.6500000000000001	-0.3948719020378384
2.0	1.6500000000000001	0.08512101240394274
3.0	1.6500000000000001	0.4572935486113596

0.0	1.675	-0.3562530096544983
1.0	1.675	-0.3830092144384807
2.0	1.675	-0.060064429510554074
3.0	1.675	0.49268321387188524

0.0	1.7000000000000002	-0.3596030495450536
1.0	1.7000000000000002	-0.3701875590794206
2.0	1.7000000000000002	-0.20851305883649385
3.0	1.7000000000000002	0.5341015159327644

0.0	1.725	-0.3667089758371051
1.0	1.725	-0.35624903752396975
2.0	1.725	-0.3606036431742624
3.0	1.725	0.5821394598711948

0.0	1.75	-0.37766722745171616
1.0	1.75	-0.34101970219759536
2.0	1.75	-0.5167786061236997
3.0	1.75	0.637491805170408

0.0	1.7750000000000001	-0.39258617370680315
1.0	1.7750000000000001	-0.3243068234276514
2.0	1.7750000000000001	-0.6775510962384061
3.0	1.7750000000000001	0.7009682269137929

0.0	1.8	-0.4115879633332607
1.0	1.8	-0.30589587930069584
2.0	1.8	-0.8435112152745737
3.0	1.8	0.7735041226776947

0.0	1.8250000000000002	-0.434233253804594
1.0	1.8250000000000002	-0.2860969076639268
2.0	1.8250000000000002	-0.9689673045072364
3.0	1.8250000000000002	0.8120470575573778

0.0	1.85	-0.4600808689203899
1.0	1.85	-0.2652094088014838
2.0	1.85	-1.0997732437118595
3.0	1.85	0.8606940015797179

0.0	1.875	-0.4892704939986527
1.0	1.875	-0.24297222601246204
2.0	1.875	-1.2364136450197434
3.0	1.875	0.9201489032751389

0.0	1.9000000000000001	-0.5213595737279997
1.0	1.9000000000000001	-0.219681737767651
2.0	1.9000000000000001	-1.3316435269912723
3.0	1.9000000000000001	0.9449567854964716

0.0	1.925	-0.5559006077189819
1.0	1.925	-0.19562944754956924
2.0	1.925	-1.432629712461139
3.0	1.925	0.9811666255328763

0.0	1.9500000000000002	-0.5930420782890449
1.0	1.9500000000000002	-0.17052443902764125
2.0	1.9500000000000002	-1.539741766573354
3.0	1.9500000000000002	1.029261593654887

0.0	1.975	-0.6329419269303114
1.0	1.975	-0.14406273599258768
2.0	1.975	-1.6533644512223575
3.0	1.975	1.0898006999374763

0.0	2.0	-0.6751521069052876
1.0	2.0	-0.11653344612652106
2.0	2.0	-1.7244958358027187
3.0	2.0	1.1146867703320313

0.0	2.025	-0.719219888712694
1.0	2.025	-0.08822028578093999
2.0	2.025	-1.8020092605568319
3.0	2.025	1.1525536125047546

0.0	2.0500000000000003	-0.7646851131001801
1.0	2.0500000000000003	-0.059413518484511485
2.0	2.0500000000000003	-1.8362344997489068
3.0	2.0500000000000003	1.1541948069716714

0.0	2.075	-0.8110832517012384
1.0	2.075	-0.03040046582817091
2.0	2.075	-1.8766572440304399
3.0	2.075	1.1690525434809578

0.0	2.1	-0.8579449776186162
1.0	2.1	-0.0014737072408461671
2.0	2.1	-1.8732974755526415
3.0	2.1	1.1473330253234144

0.0	2.125	-0.9047988267710202
1.0	2.125	0.027077062947899577
2.0	2.125	-1.8760228163029449
3.0	2.125	1.138926210803163

0.0	2.15	-0.951796405957129
1.0	2.15	0.05558119017355878
2.0	2.15	-1.884783742893026
3.0	2.15	1.1435570945390041

0.0	2.1750000000000003	-0.9984657097780252
1.0	2.1750000000000003	0.08374315058071602
2.0	2.1750000000000003	-1.8497911112347607
3.0	2.1750000000000003	1.1116552224875282

0.0	2.2	-1.0443366507080842
1.0	2.2	0.11127429639519804
2.0	2.2	-1.820883089515525
3.0	2.2	1.0930035173522734

0.0	2.225	-1.088943815713308
1.0	2.225	0.13789107164279457
2.0	2.225	-1.748743046457634
3.0	2.225	1.0386172379972562

0.0	2.25	-1.131824984277971
1.0	2.25	0.16331542322336645
2.0	2.25	-1.6827480946113802
3.0	2.25	0.9974736390572838

0.0	2.275	-1.1731296392715607
1.0	2.275	0.18786856271007935
2.0	2.275	-1.6225671511721913
3.0	2.275	0.9687979659948102

0.0	2.3000000000000003	-1.212398392330884
1.0	2.3000000000000003	0.21126634134657607
2.0	2.3000000000000003	-1.5199457115122113
3.0	2.3000000000000003	0.9051675599012811

0.0	2.325	-1.2491754159838013
1.0	2.325	0.2332294779585915
2.0	2.325	-1.423148627157372
3.0	2.325	0.8538548307226186

0.0	2.35	-1.2836005014015923
1.0	2.35	0.254053598126049
2.0	2.35	-1.3317182485261994
3.0	2.35	0.8138964314496252

0.0	2.375	-1.3152180823855852
1.0	2.375	0.2734491576470539
2.0	2.375	-1.1986068073358078
3.0	2.375	0.7396687615474856

0.0	2.4000000000000004	-1.343574094440074
1.0	2.4000000000000004	0.2911276393867901
2.0	2.4000000000000004	-1.070692512446789
3.0	2.4000000000000004	0.6763279561878431

0.0	2.4250000000000003	-1.3687912885538265
1.0	2.4250000000000003	0.307346761258394
2.0	2.4250000000000003	-0.9474141907412124
3.0	2.4250000000000003	0.6227449601948024

0.0	2.45	-1.3909793522623142
1.0	2.45	0.3223380062514938
2.0	2.45	-0.8282873591205077
3.0	2.45	0.5779479642821176

0.0	2.475	-1.4102367702799823
1.0	2.475	0.33631038802993984
2.0	2.475	-0.7128992538838939
3.0	2.475	0.5411088400519924

0.0	2.5	-1.4260914150066208
1.0	2.5	0.3489268889853925
2.0	2.5	-0.5560991199244261
3.0	2.5	0.469548304869985

0.0	2.5250000000000004	-1.438070511847887
1.0	2.5250000000000004	0.3598496299143541
2.0	2.5250000000000004	-0.40275919170385377
3.0	2.5250000000000004	0.405418730523394

0.0	2.5500000000000003	-1.4462536859833766
1.0	2.5500000000000003	0.3692508130495824
2.0	2.5500000000000003	-0.2523416795686054
3.0	2.5500000000000003	0.3476577106467673

0.0	2.575	-1.4507080142673794
1.0	2.575	0.37727773971461076
2.0	2.575	-0.10437863205348014
3.0	2.575	0.29533213813778947

0.0	2.6	-1.4514896341378305
1.0	2.6	0.3840557937487894
2.0	2.6	0.04153887988648086
3.0	2.6	0.24761863083941957

0.0	2.625	-1.448645094352623
1.0	2.625	0.38969096236392886
2.0	2.625	0.1857705658668351
3.0	2.625	0.20378611148902798

0.0	2.6500000000000004	-1.442212474512775
1.0	2.6500000000000004	0.3942719480733672
2.0	2.6500000000000004	0.328635609044003
3.0	2.6500000000000004	0.16318048919689748

0.0	2.6750000000000003	-1.432222300709478
1.0	2.6750000000000003	0.3978719219313689
2.0	2.6750000000000003	0.47042029894618176
3.0	2.6750000000000003	0.125211242818548

0.0	2.7	-1.4186982823992278
1.0	2.7	0.4005499624686042
2.0	2.7	0.6113847234180259
3.0	2.7	0.08933964828337007

0.0	2.725	-1.4016578922284133
1.0	2.725	0.40235221804215193
2.0	2.725	0.7517686660140197
3.0	2.725	0.05506837973620627

0.0	2.75	-1.3811128067736431
1.0	2.75	0.4033128236586663
2.0	2.75	0.8917968604220854
3.0	2.75	0.021932224208541337

0.0	2.7750000000000004	-1.3570692224236027
1.0	2.7750000000000004	0.40345459704599307
2.0	2.7750000000000004	1.031683748510357
3.0	2.7750000000000004	-0.010510331820336095

0.0	2.8000000000000003	-1.3295280570697632
1.0	2.8000000000000003	0.4027895329626876
2.0	2.8000000000000003	1.1716378797967413
3.0	2.8000000000000003	-0.04268486529639983

0.0	2.825	-1.2984850449442913
1.0	2.825	0.401319109437722
2.0	2.825	1.311866080975253
3.0	2.825	-0.07500833184426894

0.0	2.85	-1.263930728829489
1.0	2.85	0.39903441475246204
2.0	2.85	1.4525775162833998
3.0	2.85	-0.10789612153481637

0.0	2.875	-1.225850350921389
1.0	2.875	0.3959160994165849
2.0	2.875	1.5939877536011604
3.0	2.875	-0.14176903253635698

0.0	2.9000000000000004	-1.1842236408113576
1.0	2.9000000000000004	0.3919341530498137
2.0	2.9000000000000004	1.7363229471713182
3.0	2.9000000000000004	-0.17706033304342456

0.0	2.9250000000000003	-1.1390244963133762
1.0	2.9250000000000003	0.3870475018769852
2.0	2.9250000000000003	1.8798242450605143
3.0	2.9250000000000003	-0.2142230778089449

0.0	2.95	-1.0902205501956175
1.0	2.95	0.3812034184209985
2.0	2.95	2.0247525265821182
3.0	2.95	-0.2537378428182131

0.0	2.975	-1.037772613303128
1.0	2.975	0.37433673093580033
2.0	2.975	2.171393569515496
3.0	2.975	-0.29612103739449325

0.0	3.0	-0.9816339821911927
1.0	3.0	0.3663688162485492
2.0	3.0	2.3200637351390436
3.0	3.0	-0.3419339427594387

0.0	3.0250000000000004	-0.921749597461612
1.0	3.0250000000000004	0.3572063562132559
2.0	3.0250000000000004	2.471116234344737
3.0	3.0250000000000004	-0.3917926022337476

0.0	3.0500000000000003	-0.8580550379521167
1.0	3.0500000000000003	0.34673983539983233
2.0	3.0500000000000003	2.6249479897792884
3.0	3.0500000000000003	-0.44637863838673875

0.0	3.075	-0.790475336560418
1.0	3.075	0.33484175683788386
2.0	3.075	2.7820070197909117
3.0	3.075	-0.5064509761022912

0.0	3.1	-0.718923607129635
1.0	3.1	0.3213645551463369
2.0	3.1	2.9428001122189675
3.0	3.1	-0.5728582746283231

0.0	3.125	-0.6438710817814106
1.0	3.125	0.30667946601902685
2.0	3.125	3.0620258816825427
3.0	3.125	-0.6031408565623153

0.0	3.1500000000000004	-0.5657898284943836
1.0	3.1500000000000004	0.2911460996504758
2.0	3.1500000000000004	3.1851538886351323
3.0	3.1500000000000004	-0.6408006358093224

0.0	3.1750000000000003	-0.4845779021631256
1.0	3.1750000000000003	0.27457360566910793
2.0	3.1750000000000003	3.3125445370945585
3.0	3.1750000000000003	-0.6863680283224706

0.0	3.2	-0.40012363930569017
1.0	3.2	0.2567565918104542
2.0	3.2	3.44461536108486
3.0	3.2	-0.740476866396233

0.0	3.225	-0.31230420421758337
1.0	3.225	0.23747248007782673
2.0	3.225	3.5818426261132155
3.0	3.225	-0.8038686428415818

0.0	3.25	-0.22158007654342854
1.0	3.25	0.21705686342023434
2.0	3.25	3.676923953262155
3.0	3.25	-0.8310257058102791

0.0	3.2750000000000004	-0.12841490781597323
1.0	3.2750000000000004	0.1958373515777101
2.0	3.2750000000000004	3.777181107899278
3.0	3.2750000000000004	-0.868252734765179

0.0	3.3000000000000003	-0.03267502081531323
1.0	3.3000000000000003	0.17355638768346537
2.0	3.3000000000000003	3.8829621861774726
3.0	3.3000000000000003	-0.9160291724990712

0.0	3.325	0.06578234991543225
1.0	3.325	0.14994334936885068
2.0	3.325	3.9946445509062016
3.0	3.325	-0.9749191828184052

0.0	3.35	0.16649523457256424
1.0	3.35	0.12531862345726275
2.0	3.35	4.063340309862042
3.0	3.35	-0.9969945746597296

0.0	3.375	0.26899794458172943
1.0	3.375	0.09999593435994036
2.0	3.375	4.137868125036405
3.0	3.375	-1.030800218741005

0.0	3.4000000000000004	0.37281803721198287
1.0	3.4000000000000004	0.07429470243279468
2.0	3.4000000000000004	4.168674777666296
3.0	3.4000000000000004	-1.027296609519994

0.0	3.4250000000000003	0.47747881739591885
1.0	3.4250000000000003	0.04853148723801759
2.0	3.4250000000000003	4.205139476909861
3.0	3.4250000000000003	-1.0357546777665723

0.0	3.45	0.5831228833699341
1.0	3.45	0.022407392311912133
2.0	3.45	4.247350664446224
3.0	3.45	-1.056169216423796

0.0	3.475	0.6892695273585925
1.0	3.475	-0.003753900318994141
2.0	3.475	4.245329427670136
3.0	3.475	-1.038789210303648

0.0	3.5	0.7954365748767283
1.0	3.5	-0.029633526816539302
2.0	3.5	4.2489764803229875
3.0	3.5	-1.0335921337460499

0.0	3.5250000000000004	0.9017651556713129
1.0	3.5250000000000004	-0.05553294586390223
2.0	3.5250000000000004	4.258241914113679
3.0	3.5250000000000004	-1.0403353464227294

0.0	3.5500000000000003	1.0077729047145882
1.0	3.5500000000000003	-0.08112961465018742
2.0	3.5500000000000003	4.223337317596131
3.0	3.5500000000000003	-1.0094746509348687

0.0	3.575	1.1129791728350007
1.0	3.575	-0.10610819340916677
2.0	3.575	4.194093469377449
3.0	3.575	-0.9908047878564236

0.0	3.6	1.2169071104424407
1.0	3.6	-0.13015762243862383
2.0	3.6	4.121113383227178
3.0	3.6	-0.9352422926250734

0.0	3.625	1.3190819848613913
1.0	3.625	-0.15297134106173438
2.0	3.625	4.053794187146925
3.0	3.625	-0.8918145918685877

0.0	3.6500000000000004	1.419641312291615
1.0	3.6500000000000004	-0.1748431019115131
2.0	3.6500000000000004	3.991818137537305
3.0	3.6500000000000004	-0.8597675424887271

0.0	3.6750000000000003	1.5181109181943446
1.0	3.6750000000000003	-0.19545710197541588
2.0	3.6750000000000003	3.8866657565189415
3.0	3.6750000000000003	-0.7912909321719337

0.0	3.7	1.6140182439325625
1.0	3.7	-0.2144999351810668
2.0	3.7	3.7867559760130085
3.0	3.7	-0.7339012896770171

0.0	3.725	1.7074885853982997
1.0	3.725	-0.23223636381144175
2.0	3.725	3.6916356773622065
3.0	3.725	-0.6866271701798222

0.0	3.75	1.7986365629334684
1.0	3.75	-0.24890847204218147
2.0	3.75	3.600904588759469
3.0	3.75	-0.6486253949177977

0.0	3.7750000000000004	1.886980758406405
1.0	3.7750000000000004	-0.2641730122417414
2.0	3.7750000000000004	3.467368315782633
3.0	3.7750000000000004	-0.5740971612007838

0.0	3.8000000000000003	1.9720393110982322
1.0	3.8000000000000003	-0.2776861754009783
2.0	3.8000000000000003	3.3379578745632776
3.0	3.8000000000000003	-0.5083227487402635

0.0	3.825	2.0539085277090567
1.0	3.825	-0.2896529935672696
2.0	3.825	3.2121378408482975
3.0	3.825	-0.4502205844657241

0.0	3.85	2.132672183479281
1.0	3.85	-0.30025316074504715
2.0	3.85	3.0894401601899717
3.0	3.85	-0.3988428010125689

0.0	3.875	2.208403128520587
1.0	3.875	-0.30964419345992056
2.0	3.875	2.9694577313408588
3.0	3.875	-0.35336062373018423

0.0	3.9000000000000004	2.2811647246258153
1.0	3.9000000000000004	-0.31796422747477315
2.0	3.9000000000000004	2.8518374224611476
3.0	3.9000000000000004	-0.3130500457861575

0.0	3.9250000000000003	2.351012108287849
1.0	3.9250000000000003	-0.32533446801626376
2.0	3.9250000000000003	2.7362732359921567
3.0	3.9250000000000003	-0.27727851334340314

0.0	3.95	2.417427278215509
1.0	3.95	-0.33132731959614503
2.0	3.95	2.5772467125845147
3.0	3.95	-0.20287843669576816

0.0	3.975	2.4798873169379476
1.0	3.975	-0.335510070502405
2.0	3.975	2.4197682029632905
3.0	3.975	-0.13228694430031637

0.0	4.0	2.538424011692816
1.0	4.0	-0.3379645226431016
2.0	4.0	2.2632908573904165
3.0	4.0	-0.0644434375660372

0.0	4.025	2.5930558906914545
1.0	4.025	-0.3387468039194008
2.0	4.025	2.1072987548368687
3.0	4.025	0.0016488935346967298

0.0	4.05	2.6437888454808207
1.0	4.05	-0.3378887074275312
2.0	4.05	1.9512949331064404
3.0	4.05	0.06694329592126749

0.0	4.075	2.690616460995554
1.0	4.075	-0.33539853996629354
2.0	4.075	1.7947899536805854
3.0	4.075	0.13236853332615095

0.0	4.1000000000000005	2.7335200649443285
1.0	4.1000000000000005	-0.33126150458112846
2.0	4.1000000000000005	1.6372908575616132
3.0	4.1000000000000005	0.19884713756533423

0.0	4.125	2.77246850439054
1.0	4.125	-0.3254396338998262
2.0	4.125	1.4782903624809725
3.0	4.125	0.26731314211134827

0.0	4.15	2.8074176541324616
1.0	4.15	-0.31787128392407915
2.0	4.15	1.3172561997872467
3.0	4.15	0.3387295443744451

0.0	4.175	2.83888115231807
1.0	4.175	-0.30901163453845903
2.0	4.175	1.199439692268802
3.0	4.175	0.3707394200562633

0.0	4.2	2.867369392537008
1.0	4.2	-0.29929773988684083
2.0	4.2	1.079190969539119
3.0	4.2	0.40714267180749286

0.0	4.2250000000000005	2.892818066023788
1.0	4.2250000000000005	-0.2886139900659579
2.0	4.2250000000000005	0.9562230857606232
3.0	4.2250000000000005	0.4484123576188379

0.0	4.25	2.915155171830217
1.0	4.25	-0.2768320936178821
2.0	4.25	0.830206871603441
3.0	4.25	0.49509114724108017

0.0	4.275	2.9342999059015957
1.0	4.275	-0.26380924584266197
2.0	4.275	0.700766530256182
3.0	4.275	0.5477986645980971

0.0	4.3	2.9501614437392707
1.0	4.3	-0.2493861133570494
2.0	4.3	0.5674756196506063
3.0	4.3	0.6072387456507201

0.0	4.325	2.9626376345189223
1.0	4.325	-0.23338464611086351
2.0	4.325	0.42985413987199556
3.0	4.325	0.674205811151107

0.0	4.3500000000000005	2.9722100743484146
1.0	4.3500000000000005	-0.21618469870823276
2.0	4.3500000000000005	0.33522115574889944
3.0	4.3500000000000005	0.703177906070029

0.0	4.375	2.979361525687268
1.0	4.375	-0.19815477064675946
2.0	4.375	0.2361243075777031
3.0	4.375	0.7406755326436663

0.0	4.4	2.9839764166476086
1.0	4.4	-0.17907601118319327
2.0	4.4	0.13223878802350825
3.0	4.4	0.7871704965555942

0.0	4.425	2.9859305620152843
1.0	4.425	-0.15871667630388764
2.0	4.425	0.02320115081529192
3.0	4.425	0.8432217659227672

0.0	4.45	2.98570287699372
1.0	4.45	-0.13743339871628635
2.0	4.45	-0.04225330603381354
3.0	4.45	0.8611268383392987

0.0	4.4750000000000005	2.9837752209440307
1.0	4.4750000000000005	-0.11557520344691596
2.0	4.4750000000000005	-0.11283200076070185
3.0	4.4750000000000005	0.8892555856390828

0.0	4.5	2.980016766814472
1.0	4.5	-0.09288318481812219
2.0	4.5	-0.1887547966934338
3.0	4.5	0.9278841144751256

0.0	4.525	2.974912636062568
1.0	4.525	-0.0697078157388944
2.0	4.525	-0.2204424012342569
3.0	4.525	0.9279641377567519

0.0	4.55	2.968951008854342
1.0	4.55	-0.04639426697727167
2.0	4.55	-0.2573690595490605
3.0	4.55	0.9389372371573242

0.0	4.575	2.9619998256503437
1.0	4.575	-0.02267007820814726
2.0	4.575	-0.29962093712115234
3.0	4.575	0.9608228278698864

0.0	4.6000000000000005	2.954550174322603
1.0	4.6000000000000005	0.0011154320124333594
2.0	4.6000000000000005	-0.2972322228657969
3.0	4.6000000000000005	0.9439073043020172

0.0	4.625	2.9470943868623483
1.0	4.625	0.02461851119455538
2.0	4.625	-0.30010524485035023
3.0	4.625	0.9381867517060867

0.0	4.65	2.9395014349507815
1.0	4.65	0.04811614415408272
2.0	4.65	-0.30819793154404423
3.0	4.65	0.9434389585556922

0.0	4.675	2.9322641491070462
1.0	4.675	0.07126092869213885
2.0	4.675	-0.27167133358307033
3.0	4.675	0.9100520262094809

0.0	4.7	2.9258743399908185
1.0	4.7	0.09371188177475354
2.0	4.7	-0.24037113978496552
3.0	4.7	0.8878505226964202

0.0	4.7250000000000005	2.9202034691216565
1.0	4.7250000000000005	0.11574279720765368
2.0	4.7250000000000005	-0.21412881768637645
3.0	4.7250000000000005	0.8763789419142536

0.0	4.75	2.9157420231197113
1.0	4.75	0.13700892733960934
2.0	4.75	-0.1436586000420299
3.0	4.75	0.8267745619032725

0.0	4.775	2.9129783531073863
1.0	4.775	0.1571713479889567
2.0	4.775	-0.07825479469964455
3.0	4.775	0.7879594142512127

0.0	4.800000000000001	2.911789572075794
1.0	4.800000000000001	0.1764910041915524
2.0	4.800000000000001	-0.017620483088733853
3.0	4.800000000000001	0.7592470908814599

0.0	4.825	2.9126638311613586
1.0	4.825	0.19462112166723244
2.0	4.825	0.08674799900819102
3.0	4.825	0.6928875503868039

0.0	4.8500000000000005	2.9160883626302376
1.0	4.8500000000000005	0.21121722277285038
2.0	4.8500000000000005	0.1864781818451567
3.0	4.8500000000000005	0.636360659568165

0.0	4.875	2.921952749370741
1.0	4.875	0.22651327819236222
2.0	4.875	0.282004491959978
3.0	4.875	0.5887394709765034

0.0	4.9	2.9301567670852444
1.0	4.9	0.24072161736881625
2.0	4.9	0.3737077513396044
3.0	4.9	0.5492187612427826

0.0	4.925000000000001	2.940609045479037
1.0	4.925000000000001	0.2540358925490054
2.0	4.925000000000001	0.46191578799287714
3.0	4.925000000000001	0.5171082442404873

0.0	4.95	2.9538116778782846
1.0	4.95	0.2660694140342894
2.0	4.95	0.5937128986410111
3.0	4.95	0.4468265492331186

0.0	4.9750000000000005	2.97026790881158
1.0	4.9750000000000005	0.2764352087486266
2.0	4.9750000000000005	0.7222912480416596
3.0	4.9750000000000005	0.3835137927595713

0.0	5.0	2.98990357404324
1.0	5.0	0.28529479966958604
2.0	5.0	0.8481453318641523
3.0	5.0	0.32617347271505337

0.0	5.025	3.012656161368997
1.0	5.025	0.29278619595311817
2.0	5.025	0.9717140399820197
3.0	5.025	0.2739184308639766

0.0	5.050000000000001	3.038473513339913
1.0	5.050000000000001	0.2990264373592453
2.0	5.050000000000001	1.0933881116284367
3.0	5.050000000000001	0.22595582943436612

0.0	5.075	3.0673127160318447
1.0	5.075	0.3041137735015518
2.0	5.075	1.2135174872048287
3.0	5.075	0.1815730306623118

0.0	5.1000000000000005	3.0991391667537598
1.0	5.1000000000000005	0.3081295043470931
2.0	5.1000000000000005	1.3324182379450054
3.0	5.1000000000000005	0.14012463832409777

0.0	5.125	3.133925808326516
1.0	5.125	0.3111395118098095
2.0	5.125	1.4503789529534958
3.0	5.125	0.10102073762583748

0.0	5.15	3.1716525160894697
1.0	5.15	0.3131955115317293
2.0	5.15	1.567666575096042
3.0	5.15	0.06371625025489358

0.0	5.175000000000001	3.2123056244155452
1.0	5.175000000000001	0.3143360510311144
2.0	5.175000000000001	1.6845317375954512
3.0	5.175000000000001	0.02770126210138569

0.0	5.2	3.2558775812370415
1.0	5.2	0.31458727646756657
2.0	5.2	1.8012136834553703
3.0	5.2	-0.007507844027525495

0.0	5.2250000000000005	3.3023667213284695
1.0	5.2250000000000005	0.3139634859708309
2.0	5.2250000000000005	1.9179448630147673
3.0	5.2250000000000005	-0.0423766250992219

0.0	5.25	3.3517771515366976
1.0	5.25	0.31246748313996875
2.0	5.25	2.034955308713688
3.0	5.25	-0.07736035570326877

0.0	5.275	3.4041187436170888
1.0	5.275	0.3100907401076096
2.0	5.275	2.152476884838311
3.0	5.275	-0.11291151178653824

0.0	5.300000000000001	3.4594072327299643
1.0	5.300000000000001	0.3068133755554925
2.0	5.300000000000001	2.2707475057140614
3.0	5.300000000000001	-0.1494871159783718

0.0	5.325	3.517664421909475
1.0	5.325	0.30260394930289536
2.0	5.325	2.3900154090554895
3.0	5.325	-0.18755608967383447

0.0	5.3500000000000005	3.5789184948679176
1.0	5.3500000000000005	0.2974190716164351
2.0	5.3500000000000005	2.510543561155168
3.0	5.3500000000000005	-0.22760674395731095

0.0	5.375	3.643204441236734
1.0	5.375	0.29120282230153016
2.0	5.375	2.6326142550966614
3.0	5.375	-0.27015452313550586

0.0	5.4	3.7105645995886714
1.0	5.4	0.28388597211771405
2.0	5.4	2.756533938233036
3.0	5.4	-0.3157500863474419

0.0	5.425000000000001	3.7810493240231304
1.0	5.425000000000001	0.27538499745069345
2.0	5.425000000000001	2.8826382643129307
3.0	5.425000000000001	-0.3649877666999878

0.0	5.45	3.854717779213273
1.0	5.45	0.2656008790571107
2.0	5.45	3.011297298732466
3.0	5.45	-0.4185143715140597

0.0	5.4750000000000005	3.931638865777413
1.0	5.4750000000000005	0.2544176780361589
2.0	5.4750000000000005	3.1429206969224976
3.0	5.4750000000000005	-0.4770381629017151

0.0	5.5	4.011892271337151
1.0	5.5	0.24170088851667515
2.0	5.5	3.2779625025163894
3.0	5.5	-0.5413376568529993

0.0	5.525	4.094975822045283
1.0	5.525	0.22787069797816883
2.0	5.525	3.369299691988841
3.0	5.525	-0.5661874130381844

0.0	5.550000000000001	4.180387122698546
1.0	5.550000000000001	0.21333469971124686
2.0	5.550000000000001	3.464224307330257
3.0	5.550000000000001	-0.5978620176771412

0.0	5.575	4.268219164446531
1.0	5.575	0.19791745909352443
2.0	5.575	3.563007744991559
3.0	5.575	-0.6367601169901168

0.0	5.6000000000000005	4.35857224745343
1.0	5.6000000000000005	0.1814325496833309
2.0	5.6000000000000005	3.665963363314851
3.0	5.6000000000000005	-0.6833626752694545

0.0	5.625	4.451555023397282
1.0	5.625	0.16368048430559057
2.0	5.625	3.773445545200382
3.0	5.625	-0.7382334353238393

0.0	5.65	4.546674047157757
1.0	5.65	0.14504835107378256
2.0	5.65	3.836817061350347
3.0	5.65	-0.7538201744232571

0.0	5.675000000000001	4.643433634191182
1.0	5.675000000000001	0.12591460444902403
2.0	5.675000000000001	3.9047227864986374
3.0	5.675000000000001	-0.7783990479916991

0.0	5.7	4.741949658426725
1.0	5.7	0.10605139143939013
2.0	5.7	3.9773683417416463
3.0	5.7	-0.8122262680140172

0.0	5.7250000000000005	4.842343423748141
1.0	5.7250000000000005	0.08522355809152948
2.0	5.7250000000000005	4.054981511402228
3.0	5.7250000000000005	-0.8556286030204221

0.0	5.75	4.944119955544705
1.0	5.75	0.06380500375604115
2.0	5.75	4.0879570481599306
3.0	5.75	-0.8595440015933474

0.0	5.775	-4.9532176366092715
1.0	5.775	0.042162060646044
2.0	5.775	4.125865789032842
3.0	5.775	-0.8735827113404665

0.0	5.800000000000001	-4.8495449289132155
1.0	5.800000000000001	0.020041168923304653
2.0	5.800000000000001	4.168796188441853
3.0	5.800000000000001	-0.8977925966142055

0.0	5.825	-4.745360499031698
1.0	5.825	-0.002190196966051161
2.0	5.825	4.166792839067766
3.0	5.825	-0.8824927030519715

0.0	5.8500000000000005	-4.641163789977826
1.0	5.8500000000000005	-0.024171089400242707
2.0	5.8500000000000005	4.169771803535687
3.0	5.8500000000000005	-0.877715629712296

0.0	5.875	-4.5368307314498795
1.0	5.875	-0.04616190535186249
2.0	5.875	4.177694693525642
3.0	5.875	-0.8832575475777105

0.0	5.9	-4.43286114531613
1.0	5.9	-0.06779887746770896
2.0	5.9	4.140710387670358
3.0	5.9	-0.8494989909075741

0.0	5.925000000000001	-4.32975409335254
1.0	5.925000000000001	-0.08872455161571047
2.0	5.925000000000001	4.108663510002077
3.0	5.925000000000001	-0.8262730128980171

0.0	5.95	-4.227388216828835
1.0	5.95	-0.10919651113835727
2.0	5.95	4.081390253008992
3.0	5.95	-0.8131337190995407

0.0	5.9750000000000005	-4.126262139363517
1.0	5.9750000000000005	-0.1288524261835562
2.0	5.9750000000000005	4.009511746851516
3.0	5.9750000000000005	-0.7610847783373126

0.0	6.0	-4.026873250758025
1.0	6.0	-0.147334661512609
2.0	6.0	3.9423627707385767
3.0	6.0	-0.7191154085535412

0.0	6.025	-3.929107104812783
1.0	6.025	-0.16488633287134746
2.0	6.025	3.879645430474262
3.0	6.025	-0.6865321521092315

0.0	6.050000000000001	-3.8328562710294807
1.0	6.050000000000001	-0.18173445527116705
2.0	6.050000000000001	3.8210970490059677
3.0	6.050000000000001	-0.6627404145539245

0.0	6.075	-3.7386226394997175
1.0	6.075	-0.19750186247953394
2.0	6.075	3.7183041514849946
3.0	6.075	-0.6001654079120043

0.0	6.1000000000000005	-3.646907464960231
1.0	6.1000000000000005	-0.21181426227179756
2.0	6.1000000000000005	3.619547928925649
3.0	6.1000000000000005	-0.5461854885934099

0.0	6.125	-3.5576150466047505
1.0	6.125	-0.22487546358568622
2.0	6.125	3.5244198222063323
3.0	6.125	-0.49993454229103246

0.0	6.15	-3.4706592473572995
1.0	6.15	-0.23686904185704805
2.0	6.15	3.4325630610626408
3.0	6.15	-0.4606587368512799

0.0	6.175000000000001	-3.3859622249780665
1.0	6.175000000000001	-0.24796104434939537
2.0	6.175000000000001	3.3436703071982774
3.0	6.175000000000001	-0.4277081675008657

0.0	6.2	-3.304041209499818
1.0	6.2	-0.25773504244809686
2.0	6.2	3.210489414218891
3.0	6.2	-0.3552678539105084

0.0	6.2250000000000005	-3.2254161619017836
1.0	6.2250000000000005	-0.26577257949805855
2.0	6.2250000000000005	3.0799038535724326
3.0	6.2250000000000005	-0.2886135521973891

0.0	6.25	-3.150028651491562
1.0	6.25	-0.2722054253257262
2.0	6.25	2.951405692386538
3.0	6.25	-0.2267314031386061

0.0	6.275	-3.077832360276302
1.0	6.275	-0.277141176526996
2.0	6.275	2.8245324726024523
3.0	6.275	-0.16869870296698178

0.0	6.300000000000001	-3.0087920496211313
1.0	6.300000000000001	-0.2806653353392399
2.0	6.300000000000001	2.698858923571907
3.0	6.300000000000001	-0.11366801815760941

0.0	6.325	-2.9428827329870213
1.0	6.325	-0.2828430013071568
2.0	6.325	2.5739888123466472
3.0	6.325	-0.06085213197359456

0.0	6.3500000000000005	-2.880089048547539
1.0	6.3500000000000005	-0.28372019830871764
2.0	6.3500000000000005	2.449547119629981
3.0	6.3500000000000005	-0.00950992762055649

0.0	6.375	-2.820404822828101
1.0	6.375	-0.2833248598481575
2.0	6.375	2.3251725803380774
3.0	6.375	0.041066852375359085

0.0	6.4	-2.7638328166535886
1.0	6.4	-0.281667492829488
2.0	6.4	2.200510547407462
3.0	6.4	0.09156611522539965

0.0	6.425000000000001	-2.710384646260231
1.0	6.425000000000001	-0.2787415358925305
2.0	6.425000000000001	2.0752061003928004
3.0	6.425000000000001	0.14266737469732307

0.0	6.45	-2.6600808745401507
1.0	6.45	-0.2745234238258565
2.0	6.45	1.9488973124984197
3.0	6.45	0.19505333717791257

0.0	6.4750000000000005	-2.612951269400449
1.0	6.4750000000000005	-0.268972365273358
2.0	6.4750000000000005	1.8212086050920895
3.0	6.4750000000000005	0.24942127520410357

0.0	6.5	-2.569035227555899
1.0	6.5	-0.26202983755313625
2.0	6.5	1.691744158053703
3.0	6.5	0.3064942972348693

0.0	6.525	-2.528382362066793
1.0	6.525	-0.25361880065031883
2.0	6.525	1.5600814142488812
3.0	6.525	0.367032538582675

0.0	6.550000000000001	-2.4910532496605797
1.0	6.550000000000001	-0.24364263337743708
2.0	6.550000000000001	1.4257648306628843
3.0	6.550000000000001	0.43184416357072103

0.0	6.575	-2.457120327970145
1.0	6.575	-0.23198379990737727
2.0	6.575	1.2883002097379577
3.0	6.575	0.5017958558617855

0.0	6.6000000000000005	-2.4260728429454916
1.0	6.6000000000000005	-0.21908086931631132
2.0	6.6000000000000005	1.1949488175300118
3.0	6.6000000000000005	0.5314720489162682

0.0	6.625	-2.3974014095806804
1.0	6.625	-0.20535698127499558
2.0	6.625	1.0981714275443974
3.0	6.625	0.5675404475130592

0.0	6.65	-2.371195193869827
1.0	6.65	-0.19064691363664465
2.0	6.65	0.9976799038519766
3.0	6.65	0.6104473914027043

0.0	6.675000000000001	-2.347551080192427
1.0	6.675000000000001	-0.17477330489162313
2.0	6.675000000000001	0.8931449293346223
3.0	6.675000000000001	0.660717944088346

0.0	6.7	-2.326574690459744
1.0	6.7	-0.15754467599879263
2.0	6.7	0.7841972513052645
3.0	6.7	0.7189562763904619

0.0	6.7250000000000005	-2.307768881082585
1.0	6.7250000000000005	-0.13935672831609835
2.0	6.7250000000000005	0.7195376702414478
3.0	6.7250000000000005	0.7375276044146705

0.0	6.75	-2.2906350445826416
1.0	6.75	-0.12059506470732728
2.0	6.75	0.6504062987318505
3.0	6.75	0.7648941162213095

0.0	6.775	-2.275287567367097
1.0	6.775	-0.10103645750278467
2.0	6.775	0.5765916234556179
3.0	6.775	0.801335739629236

0.0	6.800000000000001	-2.261846414117735
1.0	6.800000000000001	-0.0804498003243701
2.0	6.800000000000001	0.49786001671750485
3.0	6.800000000000001	0.8472016197485464

0.0	6.825	-2.2498150141029383
1.0	6.825	-0.05921311779464489
2.0	6.825	0.46383968634587885
3.0	6.825	0.8534055431426012

0.0	6.8500000000000005	-2.2386953381214503
1.0	6.8500000000000005	-0.037695947833952914
2.0	6.8500000000000005	0.4249076238796468
3.0	6.8500000000000005	0.8696460594699592

0.0	6.875	-2.2286112946021537
1.0	6.875	-0.015646717806095722
2.0	6.875	0.38097367669277576
3.0	6.875	0.8959853636718178

0.0	6.9	-2.2190638118770782
1.0	6.9	0.006565410918691228
2.0	6.9	0.3819900806579652
3.0	6.9	0.8827561777979079

0.0	6.925000000000001	-2.209553300976237
1.0	6.925000000000001	0.028578523719627213
2.0	6.925000000000001	0.3780225558361572
3.0	6.925000000000001	0.8800269149876527

0.0	6.95	-2.2002038800075994
1.0	6.95	0.050652588026432355
2.0	6.95	0.36910892496900866
3.0	6.95	0.8876050980462472

0.0	6.9750000000000005	-2.190516140715266
1.0	6.9750000000000005	0.07242419330842154
2.0	6.9750000000000005	0.40506811042559754
3.0	6.9750000000000005	0.8559271212592197

0.0	7.0	-2.179991796398394
1.0	7.0	0.09353694349398012
2.0	7.0	0.43606547663069856
3.0	7.0	0.8348180442106222

0.0	7.025	-2.1687528381486403
1.0	7.025	0.11424948401293733
2.0	7.025	0.46226306140875534
3.0	7.025	0.8238442651213895

0.0	7.050000000000001	-2.1563021020151862
1.0	7.050000000000001	0.13420200260157955
2.0	7.050000000000001	0.5329709487108089
3.0	7.050000000000001	0.7741188650314286

0.0	7.075	-2.1421441458383446
1.0	7.075	0.15304022651140414
2.0	7.075	0.5988921071416238
3.0	7.075	0.7345796254124256

0.0	7.1000000000000005	-2.1263949169915093
1.0	7.1000000000000005	0.17101015448491097
2.0	7.1000000000000005	0.6603187074511819
3.0	7.1000000000000005	0.7045506506059027

0.0	7.125	-2.1085581171535392
1.0	7.125	0.18774835234638587
2.0	7.125	0.7658671237053165
3.0	7.125	0.6361206242963158

0.0	7.15	-2.088137397215949
1.0	7.15	0.2028925086887412
2.0	7.15	0.8671101930352694
3.0	7.15	0.5768605647764564

0.0	7.175000000000001	-2.065234771136167
1.0	7.175000000000001	0.2166598839506051
2.0	7.175000000000001	0.9644888860759142
3.0	7.175000000000001	0.5258312399801193

0.0	7.2	-2.039941878507915
1.0	7.2	0.22924572431763934
2.0	7.2	1.0583921128685525
3.0	7.2	0.48220974801272787

0.0	7.2250000000000005	-2.012341278583402
1.0	7.2250000000000005	0.24082608390004268
2.0	7.2250000000000005	1.149157758944303
3.0	7.2250000000000005	0.44528224550298223

0.0	7.25	-1.982507691818808
1.0	7.25	0.25156044335619576
2.0	7.25	1.2370756287215712
3.0	7.25	0.4144351860645319

0.0	7.275	-1.949922104571535
1.0	7.275	0.26102806965320013
2.0	7.275	1.3693097642411887
3.0	7.275	0.3439962932617673

0.0	7.300000000000001	-1.9140630226394455
1.0	7.300000000000001	0.2688068001086794
2.0	7.300000000000001	1.4990414968308088
3.0	7.300000000000001	0.27915108775568637

0.0	7.325	-1.8749867522792816
1.0	7.325	0.2750239807575774
2.0	7.325	1.6267630831974753
3.0	7.325	0.21891595820904433

0.0	7.3500000000000005	-1.8327378618612529
1.0	7.3500000000000005	0.27978350418405107
2.0	7.3500000000000005	1.752922667938272
3.0	7.3500000000000005	0.1623955760983513

0.0	7.375	-1.7873501820155386
1.0	7.375	0.28316782014725206
2.0	7.375	1.87793248294375
3.0	7.375	0.10876731336190268

0.0	7.4	-1.7388476029958349
1.0	7.4	0.28523956756125557
2.0	7.4	2.002176830771243
3.0	7.4	0.05726656027979127

0.0	7.425000000000001	-1.687244676830497
1.0	7.425000000000001	0.28604285144971797
2.0	7.425000000000001	2.126019707036157
3.0	7.425000000000001	0.007173000731315736

0.0	7.45	-1.632547033670426
1.0	7.45	0.2856041879537976
2.0	7.45	2.249812046876764
3.0	7.45	-0.042202240500799876

0.0	7.4750000000000005	-1.5747516211522263
1.0	7.4750000000000005	0.2839331373336531
2.0	7.4750000000000005	2.3738986497744006
3.0	7.4750000000000005	-0.09152873495300215

0.0	7.5	-1.5138467737853072
1.0	7.5	0.2810226405702423
2.0	7.5	2.498624868144246
3.0	7.5	-0.14146835664277563

0.0	7.525	-1.449812117122312
1.0	7.525	0.27684907052016605
2.0	7.525	2.624343150528664
3.0	7.525	-0.19268654105429317

0.0	7.550000000000001	-1.3826183093500062
1.0	7.550000000000001	0.2713720042193195
2.0	7.550000000000001	2.751419514978255
3.0	7.550000000000001	-0.2458633579961905

0.0	7.575	-1.312226621457626
1.0	7.575	0.264533719427817
2.0	7.575	2.8802399914880525
3.0	7.575	-0.3017045131862627

0.0	7.6000000000000005	-1.2385883569064542
1.0	7.6000000000000005	0.2562584165260535
2.0	7.6000000000000005	3.011217007752408
3.0	7.6000000000000005	-0.36095231605280753

0.0	7.625	-1.161644113580627
1.0	7.625	0.2464511673654748
2.0	7.625	3.144795587187478
3.0	7.625	-0.42439652715017306

0.0	7.65	-1.081322896005742
1.0	7.65	0.23499659711076326
2.0	7.65	3.2814590611254792
3.0	7.65	-0.4928848022624463

0.0	7.675000000000001	-0.9981363917606763
1.0	7.675000000000001	0.22233474193658687
2.0	7.675000000000001	3.373998563861181
3.0	7.675000000000001	-0.5210770074576021

0.0	7.7	-0.9125951115502036
1.0	7.7	0.20889060941477489
2.0	7.7	3.4698840617569298
3.0	7.7	-0.5555318543430253

0.0	7.7250000000000005	-0.824612020431098
1.0	7.7250000000000005	0.19450245513696984
2.0	7.7250000000000005	3.5693931608125435
3.0	7.7250000000000005	-0.5966764450965856

0.0	7.75	-0.7340926304126858
1.0	7.75	0.17899688557437088
2.0	7.75	3.6728445617487404
3.0	7.75	-0.6450159407154475

0.0	7.775	-0.640933976232462
1.0	7.775	0.1621868892089786
2.0	7.775	3.780597446871307
3.0	7.775	-0.701134592567984

0.0	7.800000000000001	-0.5456352290567188
1.0	7.800000000000001	0.14447182384481572
2.0	7.800000000000001	3.844011305733042
3.0	7.800000000000001	-0.7174821427384053

0.0	7.825	-0.448697254270469
1.0	7.825	0.126241461439367
2.0	7.825	3.911767239633864
3.0	7.825	-0.7423955541656542

0.0	7.8500000000000005	-0.3500090169683999
1.0	7.8500000000000005	0.10727855588882207
2.0	7.8500000000000005	3.9840683973556614
3.0	7.8500000000000005	-0.776135094372326

0.0	7.875	-0.2494540826842722
1.0	7.875	0.08735845070867754
2.0	7.875	4.061142742510059
3.0	7.875	-0.8190324021560079

0.0	7.9	-0.14753200504588093
1.0	7.9	0.06686503803057597
2.0	7.9	4.09340838244197
3.0	7.9	-0.8220613718126609

0.0	7.925000000000001	-0.04474414395302935
1.0	7.925000000000001	0.04617447118735285
2.0	7.925000000000001	4.130419211514916
3.0	7.925000000000001	-0.8348072262288786

0.0	7.95	0.05902921301129986
1.0	7.95	0.02504337601617479
2.0	7.95	4.172263617036891
3.0	7.95	-0.8573164376426508

0.0	7.9750000000000005	0.16328489365190207
1.0	7.9750000000000005	0.003849293915278551
2.0	7.9750000000000005	4.168991587156701
3.0	7.9750000000000005	-0.8399140274413117

0.0	8.0	0.2675185830393346
1.0	8.0	-0.017036307873885548
2.0	8.0	4.170497227784312
3.0	8.0	-0.8325975210377164

0.0	8.025	0.3718492279772976
1.0	8.025	-0.037862813074927004
2.0	8.025	4.1767424198868115
3.0	8.025	-0.8351565091234784

0.0	8.05	0.4757713181094236
1.0	8.05	-0.05825442559078553
2.0	8.05	4.137821643456619
3.0	8.05	-0.797885982336275

0.0	8.075000000000001	0.578779339453959
1.0	8.075000000000001	-0.07784047428456198
2.0	8.075000000000001	4.103587610057642
3.0	8.075000000000001	-0.7706277358658505

0.0	8.1	0.6809883340351989
1.0	8.1	-0.09686531874250726
2.0	8.1	4.07387317206121
3.0	8.1	-0.7529188724705057

0.0	8.125	0.7825094100590867
1.0	8.125	-0.11556272401787204
2.0	8.125	4.04853145588718
3.0	8.125	-0.7443749809420074

0.0	8.15	0.8828349851385829
1.0	8.15	-0.13354930230567774
2.0	8.15	3.9782655830224094
3.0	8.15	-0.6961536645983111

0.0	8.175	0.9814588874921516
1.0	8.175	-0.15044737554703858
2.0	8.175	3.9123475783593995
3.0	8.175	-0.6571782834161544

0.0	8.200000000000001	1.0784862136704987
1.0	8.200000000000001	-0.1664797913963998
2.0	8.200000000000001	3.8504955265265184
3.0	8.200000000000001	-0.6268011038584509

0.0	8.225	1.1740154803523337
1.0	8.225	-0.18185442102707583
2.0	8.225	3.792465267921546
3.0	8.225	-0.6044713604803004

0.0	8.25	1.267536172772073
1.0	8.25	-0.19617578343238762
2.0	8.25	3.6898387807811455
3.0	8.25	-0.5426255787284364

0.0	8.275	1.3585379573298948
1.0	8.275	-0.20905107975808335
2.0	8.275	3.590881436236295
3.0	8.275	-0.4886353912034811

0.0	8.3	1.4471074411056006
1.0	8.3	-0.22066587838306084
2.0	8.3	3.495191910845906
3.0	8.3	-0.44165332226762505

0.0	8.325000000000001	1.5333218190180795
1.0	8.325000000000001	-0.23118589314667126
2.0	8.325000000000001	3.4024181687530217
3.0	8.325000000000001	-0.4009370717606097

0.0	8.35	1.6172500708625783
1.0	8.35	-0.24075950262822765
2.0	8.35	3.3122544416590967
3.0	8.35	-0.3658405803522823

0.0	8.375	1.6989540709339295
1.0	8.375	-0.2495200406981919
2.0	8.375	3.2244373850831347
3.0	8.375	-0.3358048084045698

0.0	8.4	1.7779016369974827
1.0	8.4	-0.25702055195228724
2.0	8.4	3.0917356326599603
3.0	8.4	-0.26507857637427457

0.0	8.425	1.8535570022432644
1.0	8.425	-0.2628116478554414
2.0	8.425	2.960975253644404
3.0	8.425	-0.19888105360060004

0.0	8.450000000000001	1.9259624248406346
1.0	8.450000000000001	-0.26699412135264744
2.0	8.450000000000001	2.8316606090884076
3.0	8.450000000000001	-0.1362314830104318

0.0	8.475	1.9951482184263347
1.0	8.475	-0.26964516748788014
2.0	8.475	2.703330303961568
3.0	8.475	-0.07622004804675843

0.0	8.5	2.061133498448364
1.0	8.5	-0.2708199547348684
2.0	8.5	2.575548432428578
3.0	8.5	-0.01799182755604098

0.0	8.525	2.123926712221112
1.0	8.525	-0.270552805176159
2.0	8.525	2.447896049883707
3.0	8.525	0.03926844675099043

0.0	8.55	2.183525959344338
1.0	8.55	-0.2688580033265513
2.0	8.55	2.3199629317725328
3.0	8.55	0.096350872137708

0.0	8.575000000000001	2.239919109529965
1.0	8.575000000000001	-0.2657302511603845
2.0	8.575000000000001	2.1913396010086963
3.0	8.575000000000001	0.15403422074671913

0.0	8.6	2.293083724018537
1.0	8.6	-0.2611447834064258
2.0	8.6	2.0616095808410915
3.0	8.6	0.21309929574186107

0.0	8.625	2.342986785818479
1.0	8.625	-0.2550571537537589
2.0	8.625	1.9303418471157312
3.0	8.625	0.2743419175776551

0.0	8.65	2.389584243989184
1.0	8.65	-0.24740270042476453
2.0	8.65	1.7970835124373004
3.0	8.65	0.3385855870412886

0.0	8.675	2.432820379244755
1.0	8.675	-0.2380956999063084
2.0	8.675	1.6613528839844265
3.0	8.675	0.4066937402799322

0.0	8.700000000000001	2.4732211670559767
1.0	8.700000000000001	-0.22760402894627063
2.0	8.700000000000001	1.5702646155618067
3.0	8.700000000000001	0.4334720641452079

0.0	8.725	2.5113104443438465
1.0	8.725	-0.2163791198620455
2.0	8.725	1.47639368439767
3.0	8.725	0.46541275634774437

0.0	8.75	2.547015618718396
1.0	8.75	-0.20428714561343853
2.0	8.75	1.3794918683535136
3.0	8.75	0.5029083832789213

0.0	8.775	2.580257422693329
1.0	8.775	-0.19118361483232071
2.0	8.775	1.2792730809835255
3.0	8.775	0.5464201231552472

0.0	8.8	2.610948948046614
1.0	8.8	-0.17691161442926173
2.0	8.8	1.1754120168724012
3.0	8.8	0.5964809921912431

0.0	8.825000000000001	2.6389946618489457
1.0	8.825000000000001	-0.16129998555127045
2.0	8.825000000000001	1.067544172704401
3.0	8.825000000000001	0.6536977966669945

0.0	8.85	2.6649010618382616
1.0	8.85	-0.14476349526785626
2.0	8.85	1.0043013746876945
3.0	8.85	0.6705402529110993

0.0	8.875	2.689175722416938
1.0	8.875	-0.12770627265166823
2.0	8.875	0.9369743664426846
3.0	8.875	0.6953938168843888

0.0	8.9	2.7117141162394196
1.0	8.9	-0.10992492495108408
2.0	8.9	0.8653644873541638
3.0	8.9	0.7285199555683737

0.0	8.925	2.7324063955319304
1.0	8.925	-0.09120861702643346
2.0	8.925	0.789245420744591
3.0	8.925	0.7702519071805378

0.0	8.950000000000001	2.7517582580200637
1.0	8.950000000000001	-0.071954352174469
2.0	8.950000000000001	0.758161913975793
3.0	8.950000000000001	0.7716189448015679

0.0	8.975	2.770277160606448
1.0	8.975	-0.05255135070105155
2.0	8.975	0.7225958092645776
3.0	8.975	0.782151723007269

0.0	9.0	2.787850007311921
1.0	9.0	-0.032770123849459765
2.0	9.0	0.6824619321345848
3.0	9.0	0.8018887922341335

0.0	9.025	2.804986432705613
1.0	9.025	-0.013001972985794197
2.0	9.025	0.6877001652164122
3.0	9.025	0.7811664907708641

0.0	9.05	2.8221977006135326
1.0	9.05	0.0063670720366424405
2.0	9.05	0.6884577307239467
3.0	9.05	0.7699166160011063

0.0	9.075000000000001	2.8393723661271015
1.0	9.075000000000001	0.025570829371989845
2.0	9.075000000000001	0.6847779842740956
3.0	9.075000000000001	0.767911037957933

0.0	9.1	2.85639987968056
1.0	9.1	0.04483826122872259
2.0	9.1	0.6766889731445856
3.0	9.1	0.7749893392313268

0.0	9.125	2.8737934189927126
1.0	9.125	0.06377502031549298
2.0	9.125	0.7140472272443096
3.0	9.125	0.7415471460071202

0.0	9.15	2.8920656860727796
1.0	9.15	0.08199324249614293
2.0	9.15	0.7470155551444122
3.0	9.15	0.7174284111192468

0.0	9.175	2.9111089641208165
1.0	9.175	0.09972050474455862
2.0	9.175	0.7757526150623187
3.0	9.175	0.7022056251217255

0.0	9.200000000000001	2.930819201422946
1.0	9.200000000000001	0.11717469085361998
2.0	9.200000000000001	0.8003925859785662
3.0	9.200000000000001	0.6955307603619045

0.0	9.225	2.951710561715416
1.0	9.225	0.13395764671531651
2.0	9.225	0.8702119190354319
3.0	9.225	0.6486082757355767

0.0	9.25	2.974295904811057
1.0	9.25	0.14967718097426896
2.0	9.25	0.9359601455252877
3.0	9.25	0.6103443078863476

0.0	9.275	2.9984769626916563
1.0	9.275	0.1645417162409064
2.0	9.275	0.9979117365150931
3.0	9.275	0.5801116300373471

0.0	9.3	3.024161850423395
1.0	9.3	0.17874518208677515
2.0	9.3	1.0563027073284956
3.0	9.3	0.5573774889599158

0.0	9.325000000000001	3.051868354459613
1.0	9.325000000000001	0.19187735214118362
2.0	9.325000000000001	1.1596190078013895
3.0	9.325000000000001	0.49448571330045193

0.0	9.35	3.0821147736495407
1.0	9.35	0.20352993219102622
2.0	9.35	1.2595677075897604
3.0	9.35	0.4388591355948768

0.0	9.375	3.114822093373748
1.0	9.375	0.21387367022744463
2.0	9.375	1.3565548694668055
3.0	9.375	0.3896444115985737

0.0	9.4	3.1499208642248946
1.0	9.4	0.2230592330401926
2.0	9.4	1.450940126997321
3.0	9.4	0.34608687901587865

0.0	9.425	3.1873500823039955
1.0	9.425	0.23121955697437357
2.0	9.425	1.5430401361671087
3.0	9.425	0.3075211673247026

0.0	9.450000000000001	3.22705616532261
1.0	9.450000000000001	0.23847196093327483
2.0	9.450000000000001	1.6331326758096014
3.0	9.450000000000001	0.2733616895725262

0.0	9.475	3.268992033644417
1.0	9.475	0.2449200262083302
2.0	9.475	1.721460877750121
3.0	9.475	0.24309356164334006

0.0	9.5	3.3137059050881366
1.0	9.5	0.25008557848844504
2.0	9.5	1.8553934519268005
3.0	9.5	0.17078247147511721

0.0	9.525	3.361751202504072
1.0	9.525	0.25348629696559755
2.0	9.525	1.9880630404686364
3.0	9.525	0.10173476122890943

0.0	9.55	3.4131028292245014
1.0	9.55	0.2551911359537318
2.0	9.55	2.119983470826331
3.0	9.55	0.034949719253954625

0.0	9.575000000000001	3.4677482438980163
1.0	9.575000000000001	0.25524468638234055
2.0	9.575000000000001	2.251646928074717
3.0	9.575000000000001	-0.030523867821865336

0.0	9.600000000000001	3.525687037612917
1.0	9.600000000000001	0.25366820235803544
2.0	9.600000000000001	2.38353337715751
3.0	9.600000000000001	-0.09560447178833399

0.0	9.625	3.5869307437450044
1.0	9.625	0.2504602173914865
2.0	9.625	2.516119744842989
3.0	9.625	-0.16119389647918886

0.0	9.65	3.651502873688409
1.0	9.65	0.2455967669014143
2.0	9.65	2.6498887993594398
3.0	9.65	-0.22819270978622608

0.0	9.675	3.7194391701240512
1.0	9.675	0.2390312326077293
2.0	9.675	2.785337657392142
3.0	9.675	-0.29751505859235333

0.0	9.700000000000001	3.7901945960535617
1.0	9.700000000000001	0.23126870607793748
2.0	9.700000000000001	2.8754274156450026
3.0	9.700000000000001	-0.32408956557603336

0.0	9.725000000000001	3.863227901267084
1.0	9.725000000000001	0.2227952866389984
2.0	9.725000000000001	2.9676025264014116
3.0	9.725000000000001	-0.35444393889173204

0.0	9.75	3.938593927396406
1.0	9.75	0.2135119648464343
2.0	9.75	3.0620845567649093
3.0	9.75	-0.3889477185004502

0.0	9.775	4.016353436401663
1.0	9.775	0.20330983589882834
2.0	9.775	3.1591259982954423
3.0	9.775	-0.4280237471999254

0.0	9.8	4.0965739154442256
1.0	9.8	0.19206871029150108
2.0	9.8	3.2590127701460148
3.0	9.8	-0.47215270946102406

0.0	9.825000000000001	4.1793304401471
1.0	9.825000000000001	0.17965561273693353
2.0	9.825000000000001	3.3620663249905642
3.0	9.825000000000001	-0.5218774622608702

0.0	9.850000000000001	4.264706580874342
1.0	9.850000000000001	0.16592318065597134
2.0	9.850000000000001	3.4686448871984608
3.0	9.850000000000001	-0.5778066277824264

0.0	9.875	4.3521847683478
1.0	9.875	0.15130846195621572
2.0	9.875	3.5302010062631077
3.0	9.875	-0.5925378006103562

0.0	9.9	4.4412467797267325
1.0	9.9	0.13623728016004577
2.0	9.9	3.5953780244908815
3.0	9.9	-0.6143567426820774

0.0	9.925	4.531985310409542
1.0	9.925	0.12052966321141234
2.0	9.925	3.664355057565573
3.0	9.925	-0.6434976350765265

0.0	9.950000000000001	4.624497925414495
1.0	9.950000000000001	0.1039988919525765
2.0	9.950000000000001	3.7373423054281636
3.0	9.950000000000001	-0.6802658408779463

0.0	9.975000000000001	4.7188878079962775
1.0	9.975000000000001	0.0864497469151857
2.0	9.975000000000001	3.8145783574043945
3.0	9.975000000000001	-0.7250353702365753

0.0	10.0	4.8146425312606755
1.0	10.0	0.06829446619586227
2.0	10.0	3.8465059354958093
3.0	10.0	-0.7288315793836802


