
#Printing population 2:
0.0	0.0	-4.999062120017582
1.0	0.0	0.5243167429594866
2.0	0.0	0.07501800894749527
3.0	0.0	0.05735832945555672

0.0	0.025	-4.993251957159246
1.0	0.025	0.5238788707434026
2.0	0.025	0.3898263627240392
3.0	0.025	-0.0921298831004124

0.0	0.05	-4.9795624381013806
1.0	0.05	0.5197114131778662
2.0	0.05	0.7056382097710932
3.0	0.05	-0.24147482001231188

0.0	0.07500000000000001	-4.957948017813536
1.0	0.07500000000000001	0.5117830184653531
2.0	0.07500000000000001	1.0240973091461036
3.0	0.07500000000000001	-0.3934756593017513

0.0	0.1	-4.938440987516457
1.0	0.1	0.5087954460239654
2.0	0.1	0.5361332382680186
3.0	0.1	0.1536316795751692

0.0	0.125	-4.921042770333276
1.0	0.125	0.5106294461384575
2.0	0.125	0.8555858852657887
3.0	0.125	-0.006343372340278625

0.0	0.15000000000000002	-4.895661100289626
1.0	0.15000000000000002	0.5084937782067751
2.0	0.15000000000000002	1.1751069704580428
3.0	0.15000000000000002	-0.16445058916055522

0.0	0.17500000000000002	-4.8622720439420695
1.0	0.17500000000000002	0.5023972716638827
2.0	0.17500000000000002	1.4964750621338887
3.0	0.17500000000000002	-0.32371425471946613

0.0	0.2	-4.830983970483224
1.0	0.2	0.5011700293420134
2.0	0.2	1.0064351853576432
3.0	0.2	0.2245158796698803

0.0	0.225	-4.801797271924643
1.0	0.225	0.5047057046520962
2.0	0.225	1.3282307966663593
3.0	0.225	0.05913869091822982

0.0	0.25	-4.764578030120111
1.0	0.25	0.5041534235482317
2.0	0.25	1.6493497705043858
3.0	0.25	-0.10305241875967436

0.0	0.275	-4.719320050227146
1.0	0.275	0.4995534470912659
2.0	0.275	1.9716366340378872
3.0	0.275	-0.26519617003042284

0.0	0.30000000000000004	-4.665971032121526
1.0	0.30000000000000004	0.4908680507117431
2.0	0.30000000000000004	2.2969478240843104
3.0	0.30000000000000004	-0.4304107809053369

0.0	0.325	-4.604431343179475
1.0	0.325	0.4779806969547682
2.0	0.325	2.6272256952248862
3.0	0.325	-0.6019006850350117

0.0	0.35000000000000003	-4.534550967312466
1.0	0.35000000000000003	0.4606925692291419
2.0	0.35000000000000003	2.9645702872273647
3.0	0.35000000000000003	-0.783061038083948

0.0	0.375	-4.456124709577612
1.0	0.375	0.4387165302377234
2.0	0.375	3.3113063002960073
3.0	0.375	-0.9775785438943161

0.0	0.4	-4.379580670711124
1.0	0.4	0.4213493177717105
2.0	0.4	2.8104819778464427
3.0	0.4	-0.41144293903206164

0.0	0.42500000000000004	-4.315650927619113
1.0	0.42500000000000004	0.41812986021476917
2.0	0.42500000000000004	2.3035859107157544
3.0	0.42500000000000004	0.15298538202738476

0.0	0.45	-4.264383090000966
1.0	0.45	0.4289240326555408
2.0	0.45	1.7988821111803985
3.0	0.45	0.7084715529811244

0.0	0.47500000000000003	-4.2150503198347
1.0	0.47500000000000003	0.44387098788664403
2.0	0.47500000000000003	2.1464665938221903
3.0	0.47500000000000003	0.48981712370256625

0.0	0.5	-4.157111304755627
1.0	0.5	0.4535211490587834
2.0	0.5	2.4878466780400914
3.0	0.5	0.28394883262822723

0.0	0.525	-4.09068741814757
1.0	0.525	0.4581376546723579
2.0	0.525	2.8256821697788554
3.0	0.525	0.08641199293455051

0.0	0.55	-4.015836067767125
1.0	0.55	0.4578766299714694
2.0	0.55	3.162446520109354
3.0	0.55	-0.10692449464955534

0.0	0.5750000000000001	-3.9325541508223703
1.0	0.5750000000000001	0.45279344415104106
2.0	0.5750000000000001	3.500523145198533
3.0	0.5750000000000001	-0.30001388827923875

0.0	0.6000000000000001	-3.840779118951211
1.0	0.6000000000000001	0.4428453995046411
2.0	0.6000000000000001	3.8422996559536884
3.0	0.6000000000000001	-0.4967709434387635

0.0	0.625	-3.740387747628021
1.0	0.625	0.4278910324048528
2.0	0.625	4.190256715874149
3.0	0.625	-0.7012033473346745

0.0	0.65	-3.631192797329917
1.0	0.65	0.4076862585490808
2.0	0.65	4.547046638161762
3.0	0.65	-0.9175316786539645

0.0	0.675	-3.512937946137205
1.0	0.675	0.3818777682746255
2.0	0.675	4.915550247379232
3.0	0.675	-1.1502864423811552

0.0	0.7000000000000001	-3.38529181617743
1.0	0.7000000000000001	0.34999455009584324
2.0	0.7000000000000001	5.298886474191338
3.0	0.7000000000000001	-1.4043539236836862

0.0	0.7250000000000001	-3.2478428522341254
1.0	0.7250000000000001	0.31143948563472534
2.0	0.7250000000000001	5.700322743553926
3.0	0.7250000000000001	-1.6849107123042941

0.0	0.75	-3.100098630560185
1.0	0.75	0.2654850988203421
2.0	0.75	6.122988847603314
3.0	0.75	-1.9971312578139546

0.0	0.775	-2.941496410762962
1.0	0.775	0.21128142519321536
2.0	0.775	6.569229785233613
3.0	0.775	-2.34546948994131

0.0	0.8	-2.7714367643176003
1.0	0.8	0.14789008318859054
2.0	0.8	7.03936533885786
3.0	0.8	-2.7322299672722474

0.0	0.8250000000000001	-2.5893579530482373
1.0	0.8250000000000001	0.07436582289172478
2.0	0.8250000000000001	7.529653391243225
3.0	0.8250000000000001	-3.1551771878432153

0.0	0.8500000000000001	-2.4073597277295256
1.0	0.8500000000000001	0.002336188086669466
2.0	0.8500000000000001	7.029665821029031
3.0	0.8500000000000001	-2.6105060734289687

0.0	0.875	-2.2378397831578116
1.0	0.875	-0.05638206931465106
2.0	0.875	6.533493405079616
3.0	0.875	-2.092132015903869

0.0	0.9	-2.0805803916317123
1.0	0.9	-0.10254557404300613
2.0	0.9	6.049624826297029
3.0	0.9	-1.6065008678636743

0.0	0.925	-1.935237742738369
1.0	0.925	-0.13697384798421552
2.0	0.925	5.5801092780666455
3.0	0.925	-1.1527361653775374

0.0	0.9500000000000001	-1.801470003582151
1.0	0.9500000000000001	-0.16040545582628596
2.0	0.9500000000000001	5.123118874926108
3.0	0.9500000000000001	-0.7256875645221206

0.0	0.9750000000000001	-1.6790091816454031
1.0	0.9750000000000001	-0.1734206837251442
2.0	0.9750000000000001	4.674819747401451
3.0	0.9750000000000001	-0.31812776362227607

0.0	1.0	-1.567695828861762
1.0	1.0	-0.1764073192122808
2.0	1.0	4.230501578127936
3.0	1.0	0.07796100140299661

0.0	1.0250000000000001	-1.467492290743243
1.0	1.0250000000000001	-0.16955032228847955
2.0	1.0250000000000001	3.7852111375229294
3.0	1.0250000000000001	0.4707043412153544

0.0	1.05	-1.3784834699720792
1.0	1.05	-0.15283451601968068
2.0	1.05	3.3341597188923933
3.0	1.05	0.8679253913177176

0.0	1.075	-1.300867762173411
1.0	1.075	-0.12605712336728203
2.0	1.075	2.8731386025318493
3.0	1.075	1.2767232485883244

0.0	1.1	-1.222567529905354
1.0	1.1	-0.10109379214821246
2.0	1.1	3.3910036009231646
3.0	1.1	0.7221474808942278

0.0	1.125	-1.1313185478866972
1.0	1.125	-0.0898629027935165
2.0	1.125	3.9088555944308663
3.0	1.125	0.17788312679066343

0.0	1.1500000000000001	-1.027126395824938
1.0	1.1500000000000001	-0.09213448608212182
2.0	1.1500000000000001	4.4265341548485635
3.0	1.1500000000000001	-0.35858264433484655

0.0	1.175	-0.9223753185859809
1.0	1.175	-0.09546872036690246
2.0	1.175	3.9537806928886825
3.0	1.175	0.09051758718371955

0.0	1.2000000000000002	-0.8294450676024662
1.0	1.2000000000000002	-0.08764191512109853
2.0	1.2000000000000002	3.4801158194945407
3.0	1.2000000000000002	0.5355942234685555

0.0	1.225	-0.7484129338172651
1.0	1.225	-0.06866032801378452
2.0	1.225	3.0012872704727913
3.0	1.225	0.9840531600167495

0.0	1.25	-0.6794507348560639
1.0	1.25	-0.03835966977145944
2.0	1.25	2.5141431507636405
3.0	1.25	1.4419563230129622

0.0	1.2750000000000001	-0.6102828577373558
1.0	1.2750000000000001	-0.008904408124015717
2.0	1.2750000000000001	3.018501450088292
3.0	1.2750000000000001	0.9174908886964785

0.0	1.3	-0.5285640456610258
1.0	1.3	0.007652799389290976
2.0	1.3	3.5183633465718676
3.0	1.3	0.4094631399559421

0.0	1.3250000000000002	-0.43438613707101836
1.0	1.3250000000000002	0.011663581264153677
2.0	1.3250000000000002	4.015692738682572
3.0	1.3250000000000002	-0.0872196694242966

0.0	1.35	-0.32777460687859516
1.0	1.35	0.0033338156594844293
2.0	1.35	4.513584074216806
3.0	1.35	-0.5788356133057595

0.0	1.375	-0.20867811132108438
1.0	1.375	-0.017285560445110093
2.0	1.375	5.014866564726759
3.0	1.375	-1.0712490098782108

0.0	1.4000000000000001	-0.08948140078648548
1.0	1.4000000000000001	-0.03782967117439995
2.0	1.4000000000000001	4.521833759501734
3.0	1.4000000000000001	-0.5751658379401506

0.0	1.425	0.01745016381887915
1.0	1.425	-0.04616272095411844
2.0	1.425	4.033139262615536
3.0	1.425	-0.09330116354619383

0.0	1.4500000000000002	0.11218193106125372
1.0	1.4500000000000002	-0.042555950357918704
2.0	1.4500000000000002	3.545206527766878
3.0	1.4500000000000002	0.3812078273817465

0.0	1.475	0.19468523108223584
1.0	1.475	-0.02710531233464053
2.0	1.475	3.054283784390904
3.0	1.475	0.8553024705422309

0.0	1.5	0.2773505599662962
1.0	1.5	-0.012200708004545646
2.0	1.5	3.558458523491989
3.0	1.5	0.33921217048308483

0.0	1.5250000000000001	0.37259314965550894
1.0	1.5250000000000001	-0.010059742056142795
2.0	1.5250000000000001	4.060868746921598
3.0	1.5250000000000001	-0.16671324573808055

0.0	1.55	0.4804016352815446
1.0	1.55	-0.020499965565067058
2.0	1.55	4.564172199265787
3.0	1.55	-0.668233470282782

0.0	1.5750000000000002	0.600203417045859
1.0	1.5750000000000002	-0.042855995394843305
2.0	1.5750000000000002	5.020587506234029
3.0	1.5750000000000002	-1.1207812862173194

0.0	1.6	0.7196263584418199
1.0	1.6	-0.06479891385465208
2.0	1.6	4.534444302261843
3.0	1.6	-0.6378481209257043

0.0	1.625	0.8269723077853495
1.0	1.625	-0.07488091066249858
2.0	1.625	4.053852066450618
3.0	1.625	-0.1707742142022643

0.0	1.6500000000000001	0.9223323503127351
1.0	1.6500000000000001	-0.0734089914687619
2.0	1.6500000000000001	3.5748599319795886
3.0	1.6500000000000001	0.28773008662857386

0.0	1.675	1.0056929895919162
1.0	1.675	-0.06050298099053464
2.0	1.675	3.0932191141720455
3.0	1.675	0.7451622918060783

0.0	1.7000000000000002	1.0769407415157495
1.0	1.7000000000000002	-0.03610377705755141
2.0	1.7000000000000002	2.605340125571607
3.0	1.7000000000000002	1.2081598050819529

0.0	1.725	1.1358913236605452
1.0	1.725	-9.063088038274714E-6
2.0	1.725	2.1093445487147777
3.0	1.725	1.681321245772506

0.0	1.75	1.194841968192564
1.0	1.75	0.03561140930219686
2.0	1.75	2.6053495896109937
3.0	1.75	1.17224634904214

0.0	1.7750000000000001	1.266091507120597
1.0	1.7750000000000001	0.05878624159610624
2.0	1.7750000000000001	3.093403838602646
3.0	1.7750000000000001	0.6850025971518265

0.0	1.8	1.349463712959996
1.0	1.8	0.06999857567975099
2.0	1.8	3.5757013698884417
3.0	1.8	0.2141534887449279

0.0	1.8250000000000002	1.4448601539848323
1.0	1.8250000000000002	0.069571104317518
2.0	1.8250000000000002	4.056038959109378
3.0	1.8250000000000002	-0.2474319904522146

0.0	1.85	1.552284561547895
1.0	1.85	0.05764166492833844
2.0	1.85	4.538618264291941
3.0	1.85	-0.7072145149743083

0.0	1.875	1.67184044985786
1.0	1.875	0.034169008596087735
2.0	1.875	5.027056420599504
3.0	1.875	-1.171877339237962

0.0	1.9000000000000001	1.8037036657287058
1.0	1.9000000000000001	-0.0010333981555241678
2.0	1.9000000000000001	5.523327560035357
3.0	1.9000000000000001	-1.6461396161519557

0.0	1.925	1.9355720826818914
1.0	1.925	-0.03578439512298459
2.0	1.925	5.027491195709954
3.0	1.925	-1.1378212167885202

0.0	1.9500000000000002	2.0551440882475687
1.0	1.9500000000000002	-0.05810409500731062
2.0	1.9500000000000002	4.539438273536029
3.0	1.9500000000000002	-0.6509370913393766

0.0	1.975	2.1625900208526776
1.0	1.975	-0.06846388158051298
2.0	1.975	4.0568546053924015
3.0	1.975	-0.17992259100974978

0.0	2.0	2.258000529503341
1.0	2.0	-0.06717275116559662
2.0	2.0	3.575908260879948
3.0	2.0	0.28238489184259463

0.0	2.025	2.3413641259307374
1.0	2.025	-0.05435506596724338
2.0	2.025	3.0924343509642838
3.0	2.025	0.7433973557202009

0.0	2.0500000000000003	2.4125714175296147
1.0	2.0500000000000003	-0.02995839092803365
2.0	2.0500000000000003	2.6029322066223037
3.0	2.0500000000000003	1.20966010151239

0.0	2.075	2.4714448386654433
1.0	2.075	0.0062101296116470195
2.0	2.075	2.105649102020886
3.0	2.075	1.6856350710527221

0.0	2.1	2.530287256621723
1.0	2.1	0.04197328121152388
2.0	2.1	2.600310663859404
3.0	2.1	1.179441240703731

0.0	2.125	2.6013898531316197
1.0	2.125	0.06536918710737005
2.0	2.125	3.086632416608351
3.0	2.125	0.6955626491395026

0.0	2.15	2.6845681014621547
1.0	2.15	0.07689141448419612
2.0	2.15	3.566916702082403
3.0	2.15	0.22843627495440005

0.0	2.1750000000000003	2.779717644683189
1.0	2.1750000000000003	0.07687036562388627
2.0	2.1750000000000003	4.0450466444414
3.0	2.1750000000000003	-0.22916530441349392

0.0	2.2	2.886838512374954
1.0	2.2	0.06544914497734666
2.0	2.2	4.525321763068609
3.0	2.2	-0.6848093811489471

0.0	2.225	3.0060335350559426
1.0	2.225	0.04258846426648333
2.0	2.225	5.011510322901309
3.0	2.225	-1.1453461280915556

0.0	2.25	3.13748280906238
1.0	2.25	0.008098241039514065
2.0	2.25	5.505837795844295
3.0	2.25	-1.615777791139567

0.0	2.275	3.2813897846107554
1.0	2.275	-0.03829885744537265
2.0	2.275	6.007707003107235
3.0	2.275	-2.0978090096883846

0.0	2.3000000000000003	3.4254567081206067
1.0	2.3000000000000003	-0.08449391663092598
2.0	2.3000000000000003	5.519773586608626
3.0	2.3000000000000003	-1.6030688829322868

0.0	2.325	3.557489548286166
1.0	2.325	-0.11870777750869266
2.0	2.325	5.0450150221049475
3.0	2.325	-1.1388281980931325

0.0	2.35	3.6778055944867534
1.0	2.35	-0.1416504582560698
2.0	2.35	4.581957818087512
3.0	2.35	-0.7003389172205978

0.0	2.375	3.7866545891623002
1.0	2.375	-0.15388055310716453
2.0	2.375	4.126930618904466
3.0	2.375	-0.2805363192821625

0.0	2.4000000000000004	3.8841802795906655
1.0	2.4000000000000004	-0.15576630884951825
2.0	2.4000000000000004	3.6752789380574655
3.0	2.4000000000000004	0.12857035513551873

0.0	2.4250000000000003	3.9704055761168533
1.0	2.4250000000000003	-0.14747320393026975
2.0	2.4250000000000003	3.2220848583177357
3.0	2.4250000000000003	0.5351115082031752

0.0	2.45	4.045232415633466
1.0	2.45	-0.12896720229717218
2.0	2.45	2.7626683184622793
3.0	2.45	0.9468352008229777

0.0	2.475	4.120800252056262
1.0	2.475	-0.11224164370421263
2.0	2.475	3.282847806479906
3.0	2.475	0.39278125549869836

0.0	2.5	4.2093755941872555
1.0	2.5	-0.10925661149885357
2.0	2.5	3.8031782613448244
3.0	2.5	-0.15274656156795619

0.0	2.5250000000000004	4.310959263904648
1.0	2.5250000000000004	-0.11982854594687176
2.0	2.5250000000000004	4.323499521592241
3.0	2.5250000000000004	-0.6921917286797987

0.0	2.5500000000000003	4.425546192957496
1.0	2.5500000000000003	-0.14383193687595863
2.0	2.5500000000000003	4.843202863691439
3.0	2.5500000000000003	-1.227412855903326

0.0	2.575	4.540915421385839
1.0	2.575	-0.16917158754353778
2.0	2.575	4.388315451269903
3.0	2.575	-0.8039248235263647

0.0	2.6	4.645043510402633
1.0	2.6	-0.18420451456670506
2.0	2.6	3.9431894691998295
3.0	2.6	-0.4015908191947121

0.0	2.625	4.738117506464481
1.0	2.625	-0.1893610038359519
2.0	2.625	3.5031744544048076
3.0	2.625	-0.012455900634870731

0.0	2.6500000000000004	4.8202035671010215
1.0	2.6500000000000004	-0.18486957509290036
2.0	2.6500000000000004	3.063327454938616
3.0	2.6500000000000004	0.37158608147515865

0.0	2.6750000000000003	4.891244621420854
1.0	2.6750000000000003	-0.17075819071543918
2.0	2.6750000000000003	2.6187865068156206
3.0	2.6750000000000003	0.7584223780755026

0.0	2.7	4.951066448185316
1.0	2.7	-0.1468636362426654
2.0	2.7	2.165105652280596
3.0	2.7	1.155395441320365

0.0	2.725	-4.988302708350742
1.0	2.725	-0.12499387004547025
2.0	2.725	2.685634471335436
3.0	2.725	0.5957121144372131

0.0	2.75	-4.914646384273035
1.0	2.75	-0.11700361076974097
2.0	2.75	3.2069031491111226
3.0	2.75	0.044866843552942126

0.0	2.7750000000000004	-4.827957375259115
1.0	2.7750000000000004	-0.1226920468905579
2.0	2.7750000000000004	3.728199825131865
3.0	2.7750000000000004	-0.49896141507176517

0.0	2.8000000000000003	-4.728239727113895
1.0	2.8000000000000003	-0.1419106085199111
2.0	2.8000000000000003	4.249028846593221
3.0	2.8000000000000003	-1.0377767489402823

0.0	2.825	-4.627722544770979
1.0	2.825	-0.16252754550461646
2.0	2.825	3.7939650573988875
3.0	2.825	-0.6151339436355638

0.0	2.85	-4.538479275288817
1.0	2.85	-0.17281196357556183
2.0	2.85	3.3463488961914116
3.0	2.85	-0.20985040620495032

0.0	2.875	-4.460383199085846
1.0	2.875	-0.17309711737047984
2.0	2.875	2.901362762515177
3.0	2.875	0.18617026819722232

0.0	2.9000000000000004	-4.393430529583073
1.0	2.9000000000000004	-0.16351305329352073
2.0	2.9000000000000004	2.45406300201861
3.0	2.9000000000000004	0.5810133925891623

0.0	2.9250000000000003	-4.3255220749825805
1.0	2.9250000000000003	-0.1560104260486277
2.0	2.9250000000000003	2.9787531697635976
3.0	2.9250000000000003	0.020426429332211504

0.0	2.95	-4.2444923914184765
1.0	2.95	-0.16243352900212216
2.0	2.95	3.5035061799848175
3.0	2.95	-0.5331763362551785

0.0	2.975	-4.162510535292703
1.0	2.975	-0.17067875934948518
2.0	2.975	3.055725906621343
3.0	2.975	-0.12839726900327852

0.0	3.0	-4.091692743024074
1.0	3.0	-0.16891664814238538
2.0	3.0	2.609552292336446
3.0	3.0	0.26877269049565855

0.0	3.0250000000000004	-4.01988364757774
1.0	3.0250000000000004	-0.16920021894987336
2.0	3.0250000000000004	3.135169356208105
3.0	3.0250000000000004	-0.2902937202683842

0.0	3.0500000000000003	-3.947081659436284
1.0	3.0500000000000003	-0.17145794949787962
2.0	3.0500000000000003	2.6891798678117094
3.0	3.0500000000000003	0.10853485454589173

0.0	3.075	-3.885435945652614
1.0	3.075	-0.16379642001240313
2.0	3.075	2.241846743792012
3.0	3.075	0.5045864905488706

0.0	3.1	-3.835040322157897
1.0	3.1	-0.1461865707622394
2.0	3.1	1.7884188799710175
3.0	3.1	0.905649403865058

0.0	3.125	-3.783807175837279
1.0	3.125	-0.13054382623069216
2.0	3.125	2.31041814448911
3.0	3.125	0.34719729347662465

0.0	3.1500000000000004	-3.719515757342534
1.0	3.1500000000000004	-0.12876001742841758
2.0	3.1500000000000004	2.832907285447512
3.0	3.1500000000000004	-0.20330382904695465

0.0	3.1750000000000003	-3.642163574394442
1.0	3.1750000000000003	-0.14065771885807088
2.0	3.1750000000000003	3.3551575426099527
3.0	3.1750000000000003	-0.7476109843355371

0.0	3.2	-3.5517701267392074
1.0	3.2	-0.1660983293337086
2.0	3.2	3.8758395841440625
3.0	3.2	-1.2867308936738553

0.0	3.225	-3.4604956232458424
1.0	3.225	-0.19308917152587846
2.0	3.225	3.42832188952001
3.0	3.225	-0.8770062671787567

0.0	3.25	-3.380261567842754
1.0	3.25	-0.21014011011795475
2.0	3.25	2.9918814413593315
3.0	3.25	-0.4902591224449972

0.0	3.2750000000000004	-3.3108476723065943
1.0	3.2750000000000004	-0.2177278557977136
2.0	3.2750000000000004	2.5619066294896378
3.0	3.2750000000000004	-0.11861763790861429

0.0	3.3000000000000003	-3.2521530215083847
1.0	3.3000000000000003	-0.21613028501311327
2.0	3.3000000000000003	2.133524538412333
3.0	3.3000000000000003	0.2458876496625585

0.0	3.325	-3.204198658103193
1.0	3.325	-0.20542777428232029
2.0	3.325	1.7018875501247532
3.0	3.325	0.611056425614424

0.0	3.35	-3.167124392268135
1.0	3.35	-0.18550959190857697
2.0	3.35	1.2623792678365184
3.0	3.35	0.9843447646765283

0.0	3.375	-3.1411796683744573
1.0	3.375	-0.15608562017974492
2.0	3.375	0.8109121883900474
3.0	3.375	1.3725789777732211

0.0	3.4000000000000004	-3.114418727453849
1.0	3.4000000000000004	-0.12882077754733423
2.0	3.4000000000000004	1.3304165900515934
3.0	3.4000000000000004	0.8101012663214789

0.0	3.4250000000000003	-3.074648701061541
1.0	3.4250000000000003	-0.11550291735606244
2.0	3.4250000000000003	1.8512551163908946
3.0	3.4250000000000003	0.25681233300926987

0.0	3.45	-3.021855178833117
1.0	3.45	-0.11591401052919181
2.0	3.45	2.372225832866793
3.0	3.45	-0.28857374202693575

0.0	3.475	-2.956038215012013
1.0	3.475	-0.12988530914282137
2.0	3.475	2.8930603807788313
3.0	3.475	-0.8283519732169429

0.0	3.5	-2.889464705735066
1.0	3.5	-0.14520252881029272
2.0	3.5	2.4339965665932595
3.0	3.5	-0.39986822698057717

0.0	3.5250000000000004	-2.8342991655858576
1.0	3.5250000000000004	-0.1499870083456365
2.0	3.5250000000000004	1.9796292999615428
3.0	3.5250000000000004	0.015616079138105698

0.0	3.5500000000000003	-2.790484801402545
1.0	3.5500000000000003	-0.1444620454336345
2.0	3.5500000000000003	1.5250834387172882
3.0	3.5500000000000003	0.42624003925011883

0.0	3.575	-2.7580864465746315
1.0	3.575	-0.1286494200377355
2.0	3.575	1.0655893545648034
3.0	3.575	0.8398968238644269

0.0	3.6	-2.724939087187317
1.0	3.6	-0.11458840217375688
2.0	3.6	1.5862719479429783
3.0	3.6	0.2864897433607938

0.0	3.625	-2.6787720652644427
1.0	3.625	-0.11425760846393196
2.0	3.625	2.1070898647948
3.0	3.625	-0.2588783785043115

0.0	3.6500000000000004	-2.6195850958156326
1.0	3.6500000000000004	-0.12748525629389995
2.0	3.6500000000000004	2.6278120687983066
3.0	3.6500000000000004	-0.798550840156213

0.0	3.6750000000000003	-2.5596524622657837
1.0	3.6750000000000003	-0.14204248195244773
2.0	3.6750000000000003	2.1679102152358505
3.0	3.6750000000000003	-0.36876757201057553

0.0	3.7	-2.5111536587288756
1.0	3.7	-0.14602675900122897
2.0	3.7	1.7123104654999441
3.0	3.7	0.048635211696097025

0.0	3.725	-2.474041744664183
1.0	3.725	-0.1396459452666896
2.0	3.725	1.2561440809587827
3.0	3.725	0.4617880320055054

0.0	3.75	-2.4360994793488624
1.0	3.75	-0.13504043324922677
2.0	3.75	1.7792825230809999
3.0	3.75	-0.09210507800526185

0.0	3.7750000000000004	-2.3973554614063284
1.0	3.7750000000000004	-0.1320770997855547
2.0	3.7750000000000004	1.3200127185596495
3.0	3.7750000000000004	0.3286673904767243

0.0	3.8000000000000003	-2.3578218282091816
1.0	3.8000000000000003	-0.13075966806886186
2.0	3.8000000000000003	1.842687596738898
3.0	3.8000000000000003	-0.22209516197644624

0.0	3.825	-2.305223225392325
1.0	3.825	-0.1431307858684594
2.0	3.825	2.3650753553083765
3.0	3.825	-0.7666881559716332

0.0	3.85	-2.2517908824176476
1.0	3.85	-0.15702246144729415
2.0	3.85	1.9106152010837383
3.0	3.85	-0.34733294148962773

0.0	3.875	-2.209657417269661
1.0	3.875	-0.1605975622294551
2.0	3.875	1.4603555102737042
3.0	3.875	0.05999689036066835

0.0	3.9000000000000004	-2.178779224951572
1.0	3.9000000000000004	-0.15405473104649658
2.0	3.9000000000000004	1.0093718455898335
3.0	3.9000000000000004	0.46344998783929425

0.0	3.9250000000000003	-2.1469914898853935
1.0	3.9250000000000003	-0.14945251452027541
2.0	3.9250000000000003	1.533717517186227
3.0	3.9250000000000003	-0.09405438546071476

0.0	3.95	-2.1143222691736625
1.0	3.95	-0.14665631742934693
2.0	3.95	1.0795991032082681
3.0	3.95	0.3172539546148647

0.0	3.975	-2.080782149428425
1.0	3.975	-0.14567029890804228
2.0	3.975	1.603623275358745
3.0	3.975	-0.23720128396096607

0.0	4.0	-2.0341450685131086
1.0	4.0	-0.158463265372216
2.0	4.0	2.127140621551508
3.0	4.0	-0.7852405788761775

0.0	4.025	-1.9865938055809869
1.0	4.025	-0.1729424345924695
2.0	4.025	1.6781481032615393
3.0	4.025	-0.3758836952540701

0.0	4.05	-1.9501985341372412
1.0	4.05	-0.17736272465349323
2.0	4.05	1.2338474863415885
3.0	4.05	0.020827944686958644

0.0	4.075	-1.9249036264781831
1.0	4.075	-0.17193842632546286
2.0	4.075	0.7892921927632015
3.0	4.075	0.41303120228539486

0.0	4.1000000000000005	-1.910776521999811
1.0	4.1000000000000005	-0.15668274190671028
2.0	4.1000000000000005	0.33964560577452824
3.0	4.1000000000000005	0.8086146731480837

0.0	4.125	-1.9080001916781633
1.0	4.125	-0.13141876679144993
2.0	4.125	-0.11942181726101253
3.0	4.125	1.2148193425926916

0.0	4.15	-1.9045027028438375
1.0	4.15	-0.10801785850649637
2.0	4.15	0.3993796156069038
3.0	4.15	0.658963782197888

0.0	4.175	-1.8880302299669425
1.0	4.175	-0.09838854432084432
2.0	4.175	0.9183932157159707
3.0	4.175	0.11285146758605225

0.0	4.2	-1.8585836349937876
1.0	4.2	-0.1023137435652437
2.0	4.2	1.4373511573447675
3.0	4.2	-0.4258857514876625

0.0	4.2250000000000005	-1.828518981425092
1.0	4.2250000000000005	-0.10740177735746137
2.0	4.2250000000000005	0.9681824738825098
3.0	4.2250000000000005	0.01730897647247115

0.0	4.25	-1.810176052838617
1.0	4.25	-0.10149144733221327
2.0	4.25	0.49883740712618185
3.0	4.25	0.4553036041680238

0.0	4.275	-1.7912201425424923
1.0	4.275	-0.09690745819152191
2.0	4.275	1.0176138798034353
3.0	4.275	-0.08728369946223608

0.0	4.3	-1.771680613890401
1.0	4.3	-0.09352185934127633
2.0	4.3	0.5453184576008034
3.0	4.3	0.3575946207267091

0.0	4.325	-1.75157385533866
1.0	4.325	-0.0913369460160176
2.0	4.325	1.0632058156726902
3.0	4.325	-0.18158864088135684

0.0	4.3500000000000005	-1.7309140084008836
1.0	4.3500000000000005	-0.09025776226895132
2.0	4.3500000000000005	0.5895107245617883
3.0	4.3500000000000005	0.2671087762556654

0.0	4.375	-1.7097063418442957
1.0	4.375	-0.09031087317796604
2.0	4.375	1.1071026039856346
3.0	4.375	-0.27023820618142835

0.0	4.4	-1.6879506264363917
1.0	4.4	-0.0914315620336339
2.0	4.4	0.6334317054822739
3.0	4.4	0.17951317123081845

0.0	4.425	-1.6780497806263568
1.0	4.425	-0.08135609197083404
2.0	4.425	0.15797745286826442
3.0	4.425	0.6267263283845206

0.0	4.45	-1.6801009247593537
1.0	4.45	-0.060056022062806136
2.0	4.45	-0.32332376123302625
3.0	4.45	1.0785776887766754

0.0	4.4750000000000005	-1.6942884005892103
1.0	4.4750000000000005	-0.02734100025585917
2.0	4.4750000000000005	-0.8132161446170232
3.0	4.4750000000000005	1.5406535366983811

0.0	4.5	-1.708333029979138
1.0	4.5	0.004629328348164208
2.0	4.5	-0.31131086504598837
3.0	4.5	1.020293143829797

0.0	4.525	-1.7099014401038195
1.0	4.525	0.0238267573040698
2.0	4.525	0.18501325335134106
3.0	4.525	0.5181823887649107

0.0	4.55	-1.6991126511072416
1.0	4.55	0.030647877057688788
2.0	4.55	0.6777530680848527
3.0	4.55	0.029159312189094677

0.0	4.575	-1.676015597474966
1.0	4.575	0.025338578766840314
2.0	4.575	1.170272850871711
3.0	4.575	-0.45338654528666106

0.0	4.6000000000000005	-1.6405721031540992
1.0	4.6000000000000005	0.007977528513789522
2.0	4.6000000000000005	1.6659706417924725
3.0	4.6000000000000005	-0.9359879088333292

0.0	4.625	-1.605175985325814
1.0	4.625	-0.0090456345019021
2.0	4.625	1.1663818119685798
3.0	4.625	-0.42828543847094225

0.0	4.65	-1.5822303678386125
1.0	4.65	-0.013533761035565917
2.0	4.65	0.6694673597202851
3.0	4.65	0.06781192175664441

0.0	4.675	-1.5717064062605635
1.0	4.675	-0.00569897608379577
2.0	4.675	0.17211046448568706
3.0	4.675	0.5586121064368429

0.0	4.7	-1.5611474596797568
1.0	4.7	0.0019428194446255986
2.0	4.7	0.6723013454995665
3.0	4.7	0.054399591372592426

0.0	4.7250000000000005	-1.5380940937322778
1.0	4.7250000000000005	-0.0029214202892777763
2.0	4.7250000000000005	1.1721631134824382
3.0	4.7250000000000005	-0.44289459973307926

0.0	4.75	-1.502518081138673
1.0	4.75	-0.020193918012404666
2.0	4.75	1.674517944273503
3.0	4.75	-0.9391591304049531

0.0	4.775	-1.466822719234001
1.0	4.775	-0.037469465657554935
2.0	4.775	1.1819424016926692
3.0	4.775	-0.4454942070637969

0.0	4.800000000000001	-1.443392387866433
1.0	4.800000000000001	-0.04257221134871081
2.0	4.800000000000001	0.6927571801927762
3.0	4.800000000000001	0.03577135741612342

0.0	4.825	-1.4321872695051985
1.0	4.825	-0.03572622552585081
2.0	4.825	0.20329217562446272
3.0	4.825	0.5115756546528406

0.0	4.8500000000000005	-1.4332600353410574
1.0	4.8500000000000005	-0.01698277949337168
2.0	4.8500000000000005	-0.2899891330407299
3.0	4.8500000000000005	0.9885867862149385

0.0	4.875	-1.4342328431896127
1.0	4.875	0.001297622857656222
2.0	4.875	0.21151014023653375
3.0	4.875	0.47630515909635385

0.0	4.9	-1.4227080652855026
1.0	4.9	0.006932956888054065
2.0	4.9	0.7102353436391335
3.0	4.9	-0.02396471378902143

0.0	4.925000000000001	-1.398719791946629
1.0	4.925000000000001	1.485448798401734E-4
2.0	4.925000000000001	1.209107221675554
3.0	4.925000000000001	-0.5183164803049229

0.0	4.95	-1.3747325225909424
1.0	4.95	-0.006523788966521948
2.0	4.95	0.7101518039125855
3.0	4.95	-0.017068990707715836

0.0	4.9750000000000005	-1.3632113141754734
1.0	4.9750000000000005	-7.584274327054885E-4
2.0	4.9750000000000005	0.21130581113962144
3.0	4.9750000000000005	0.477741598500439

0.0	5.0	-1.3516853606983166
1.0	5.0	0.004900049190789346
2.0	5.0	0.7105366265187968
3.0	5.0	-0.023550539264844572

0.0	5.025	-1.3276832403425265
1.0	5.025	-0.0018866225431981576
2.0	5.025	1.209909230428269
3.0	5.025	-0.5189038290672835

0.0	5.050000000000001	-1.3036696437163346
1.0	5.050000000000001	-0.008586086504939416
2.0	5.050000000000001	0.7114616593447854
3.0	5.050000000000001	-0.018657911594695542

0.0	5.075	-1.2921091697966267
1.0	5.075	-0.0028731211838071147
2.0	5.075	0.21313543124844658
3.0	5.075	0.4751415142157648

0.0	5.1000000000000005	-1.2805309635801903
1.0	5.1000000000000005	0.0027077293898383203
2.0	5.1000000000000005	0.7128944208362145
3.0	5.1000000000000005	-0.027169813501612072

0.0	5.125	-1.2564630420576421
1.0	5.125	-0.004182515622051852
2.0	5.125	1.2128145619333845
3.0	5.125	-0.5235702360263128

0.0	5.15	-1.2323695710154368
1.0	5.15	-0.011012351427661216
2.0	5.15	0.7149570376902454
3.0	5.15	-0.02443642511653904

0.0	5.175000000000001	-1.2207138678952358
1.0	5.175000000000001	-0.005458460085069561
2.0	5.175000000000001	0.21726050500508198
3.0	5.175000000000001	0.46818899205139985

0.0	5.2	-1.2090245501992578
1.0	5.2	-6.634876387501265E-5
2.0	5.2	0.7176706955240172
3.0	5.2	-0.035335280558233095

0.0	5.2250000000000005	-1.1973348478538823
1.0	5.2250000000000005	0.005283961937355031
2.0	5.2250000000000005	0.21729465655409086
3.0	5.2250000000000005	0.46274890068142027

0.0	5.25	-1.1856775216817594
1.0	5.25	0.010606497831194162
2.0	5.25	0.7150608803692415
3.0	5.25	-0.03545401178739954

0.0	5.275	-1.1740848953874345
1.0	5.275	0.016017765670133244
2.0	5.275	0.2121555681286894
3.0	5.275	0.4677140423514476

0.0	5.300000000000001	-1.1625905353379653
1.0	5.300000000000001	0.02153182561707112
2.0	5.300000000000001	0.7071350215171219
3.0	5.300000000000001	-0.02506800202943238

0.0	5.325	-1.1387266547340953
1.0	5.325	0.01481244459771247
2.0	5.325	1.2022853291095785
3.0	5.325	-0.512060553105209

0.0	5.3500000000000005	-1.1149536910299296
1.0	5.3500000000000005	0.00838369057440147
2.0	5.3500000000000005	0.6997870286736201
3.0	5.3500000000000005	-0.0037928320246213287

0.0	5.375	-1.1037371423358082
1.0	5.375	0.014569955949744084
2.0	5.375	0.1973118245971821
3.0	5.375	0.4981184733384413

0.0	5.4	-1.0926098874539856
1.0	5.4	0.020831640498247594
2.0	5.4	0.6925780257605834
3.0	5.4	0.0044030076064097146

0.0	5.425000000000001	-1.0691084864992093
1.0	5.425000000000001	0.014841562329314328
2.0	5.425000000000001	1.187809932391102
3.0	5.425000000000001	-0.483121115179927

0.0	5.45	-1.0456982674182869
1.0	5.45	0.0091334541659851
2.0	5.45	0.6852161730484557
3.0	5.45	0.024975414218320002

0.0	5.4750000000000005	-1.0348488485281184
1.0	5.4750000000000005	0.01604025559711708
2.0	5.4750000000000005	0.18248900439617677
3.0	5.4750000000000005	0.5270442096329961

0.0	5.5	-1.0240976255649787
1.0	5.5	0.02303144614857544
2.0	5.5	0.6772808908906777
3.0	5.5	0.033905903167800566

0.0	5.525	-1.000986809280447
1.0	5.525	0.01779025829783265
2.0	5.525	1.1718302450199929
3.0	5.525	-0.452654077098601

0.0	5.550000000000001	-0.9654806023666008
1.0	5.550000000000001	3.999031943440201E-4
2.0	5.550000000000001	1.669389148732699
3.0	5.550000000000001	-0.9390063962891975

0.0	5.575	-0.9299768926269059
1.0	5.575	-0.016743643597415314
2.0	5.575	1.1716186482568127
3.0	5.575	-0.4349538605123421

0.0	5.6000000000000005	-0.906875313811551
1.0	5.6000000000000005	-0.021446809956202628
2.0	5.6000000000000005	0.6767288076767775
3.0	5.6000000000000005	0.05725188290090616

0.0	5.625	-0.8961438351090781
1.0	5.625	-0.013925488483167214
2.0	5.625	0.18144421462802274
3.0	5.625	0.5441012971054293

0.0	5.65	-0.8853269813112513
1.0	5.65	-0.006693847233453454
2.0	5.65	0.6836369094819985
3.0	5.65	0.03604740910705995

0.0	5.675000000000001	-0.8619636782980701
1.0	5.675000000000001	-0.01206716497288518
2.0	5.675000000000001	1.1856268228437612
3.0	5.675000000000001	-0.46528137599207253

0.0	5.7	-0.8260251943500697
1.0	5.7	-0.029949407064187028
2.0	5.7	1.6900128805743504
3.0	5.7	-0.9655144419083238

0.0	5.7250000000000005	-0.7899104147405992
1.0	5.7250000000000005	-0.0479440581136128
2.0	5.7250000000000005	1.2000889866610422
3.0	5.7250000000000005	-0.4767902208356501

0.0	5.75	-0.7659883455253186
1.0	5.75	-0.053897958922517475
2.0	5.75	0.7140139460088359
3.0	5.75	-0.001120144587364813

0.0	5.775	-0.7542096476277501
1.0	5.775	-0.04804929811560399
2.0	5.775	0.2279535198229461
3.0	5.775	0.4686232383936276

0.0	5.800000000000001	-0.7546224816845316
1.0	5.800000000000001	-0.03045774101428833
2.0	5.800000000000001	-0.2618762561276316
3.0	5.800000000000001	0.9393894071945835

0.0	5.825	-0.7673576942032558
1.0	5.825	-0.0010241291398358499
2.0	5.825	-0.7581159921360813
3.0	5.825	1.41672039620846

0.0	5.8500000000000005	-0.7800872746435943
1.0	5.8500000000000005	0.02800610511398105
2.0	5.8500000000000005	-0.2613982820992225
3.0	5.8500000000000005	0.9091260980637783

0.0	5.875	-0.780479640440608
1.0	5.875	0.04458490292582873
2.0	5.875	0.22916998966407331
3.0	5.875	0.41976541849000704

0.0	5.9	-0.7686568783412238
1.0	5.9	0.049095926448746496
2.0	5.9	0.7164000439911491
3.0	5.9	-0.05743472685060219

0.0	5.925000000000001	-0.7446556388347612
1.0	5.925000000000001	0.041755268589216854
2.0	5.925000000000001	1.2040986708363477
3.0	5.925000000000001	-0.5295584098994195

0.0	5.95	-0.7084174043741369
1.0	5.95	0.022603426708467822
2.0	5.95	1.6958872240073948
3.0	5.95	-1.0033601446212572

0.0	5.9750000000000005	-0.6598070731313865
1.0	5.9750000000000005	-0.008470747001332768
2.0	5.9750000000000005	2.1940728753558476
3.0	5.9750000000000005	-1.4839932708937977

0.0	6.0	-0.6111518080741922
1.0	6.0	-0.03923063766022494
2.0	6.0	1.6996471731302012
3.0	6.0	-0.9804666691309178

0.0	6.025	-0.5747649689934219
1.0	6.025	-0.05765892554906138
2.0	6.025	1.2122925359782004
3.0	6.025	-0.4966241785867557

0.0	6.050000000000001	-0.5505017146406669
1.0	6.050000000000001	-0.0641749641720466
2.0	6.050000000000001	0.729155401928995
3.0	6.050000000000001	-0.026326213575040947

0.0	6.075	-0.5383052366619074
1.0	6.075	-0.05902722326205989
2.0	6.075	0.24625816931376304
3.0	6.075	0.4377163166556602

0.0	6.1000000000000005	-0.5382203167947864
1.0	6.1000000000000005	-0.04228107242400014
2.0	6.1000000000000005	-0.24037695053430796
3.0	6.1000000000000005	0.9026693453448964

0.0	6.125	-0.5503805620275743
1.0	6.125	-0.013836167929147436
2.0	6.125	-0.7336990702423767
3.0	6.125	1.3744229111828785

0.0	6.15	-0.5749683750051412
1.0	6.15	0.02652553276862868
2.0	6.15	-1.2344423356533583
3.0	6.15	1.856252956934462

0.0	6.175000000000001	-0.5996803507423725
1.0	6.175000000000001	0.0666498985467765
2.0	6.175000000000001	-0.7443208150367808
3.0	6.175000000000001	1.3583320505618453

0.0	6.2	-0.6122749655064836
1.0	6.2	0.09466105961263338
2.0	6.2	-0.2649328738767629
3.0	6.2	0.8865486984783195

0.0	6.2250000000000005	-0.6129990985453055
1.0	6.2250000000000005	0.11115031084075433
2.0	6.2250000000000005	0.20586494193987098
3.0	6.2250000000000005	0.4354696357510856

0.0	6.25	-0.6020204965963253
1.0	6.25	0.1165459935806119
2.0	6.25	0.6720290781774098
3.0	6.25	-0.002241820254173188

0.0	6.275	-0.5793974339804081
1.0	6.275	0.11108303287816668
2.0	6.275	1.1382106726020687
3.0	6.275	-0.4345546538304235

0.0	6.300000000000001	-0.5450714610265598
1.0	6.300000000000001	0.0947982908838867
2.0	6.300000000000001	1.6089793308606013
3.0	6.300000000000001	-0.8692176934810747

0.0	6.325	-0.4988782698979924
1.0	6.325	0.0675456505794596
2.0	6.325	2.0881037681102685
3.0	6.325	-1.3129774914604488

0.0	6.3500000000000005	-0.44057855963088943
1.0	6.3500000000000005	0.02903307352088369
2.0	6.3500000000000005	2.5776330220765447
3.0	6.3500000000000005	-1.7705565378345123

0.0	6.375	-0.3824192712014279
1.0	6.375	-0.008654002870567723
2.0	6.375	2.076151891981235
3.0	6.375	-1.2480517241313396

0.0	6.4	-0.33671413731562966
1.0	6.4	-0.03354426951766776
2.0	6.4	1.581341924429844
3.0	6.4	-0.7463616773848052

0.0	6.425000000000001	-0.30330679613766626
1.0	6.425000000000001	-0.04610928498121858
2.0	6.425000000000001	1.091904679573584
3.0	6.425000000000001	-0.26106648960819506

0.0	6.45	-0.28210114135346603
1.0	6.45	-0.046679748230189944
2.0	6.45	0.6045805747221331
3.0	6.45	0.21437825889234607

0.0	6.4750000000000005	-0.27309242233128966
1.0	6.4750000000000005	-0.03541305168057285
2.0	6.4750000000000005	0.11552338201144396
3.0	6.4750000000000005	0.6870619414428806

0.0	6.5	-0.27636743718961315
1.0	6.5	-0.012296050510990142
2.0	6.5	-0.3785582057449154
3.0	6.5	1.1633281259436805

0.0	6.525	-0.29207629495319365
1.0	6.525	0.02282010038459603
2.0	6.525	-0.8792269199152888
3.0	6.525	1.6474506757152136

0.0	6.550000000000001	-0.30790046799901694
1.0	6.550000000000001	0.057731564206672914
2.0	6.550000000000001	-0.38829930423962467
3.0	6.550000000000001	1.1496396276729406

0.0	6.575	-0.3115672109616554
1.0	6.575	0.0804936430056653
2.0	6.575	0.093624517638696
3.0	6.575	0.6747067087316909

0.0	6.6000000000000005	-0.3032720848765431
1.0	6.6000000000000005	0.0916077046396282
2.0	6.6000000000000005	0.5692553764554651
3.0	6.6000000000000005	0.21663169914691394

0.0	6.625	-0.2831225891863877
1.0	6.625	0.09140333043912108
2.0	6.625	1.0427165832311007
3.0	6.625	-0.23206646447570517

0.0	6.65	-0.25111686804986344
1.0	6.65	0.08001771029146454
2.0	6.65	1.5184811942882936
3.0	6.65	-0.67912854258564

0.0	6.675000000000001	-0.2071457930042695
1.0	6.675000000000001	0.05740114281018194
2.0	6.675000000000001	2.000516134552102
3.0	6.675000000000001	-1.1316084503091537

0.0	6.7	-0.15101682967163305
1.0	6.7	0.023346635415299133
2.0	6.7	2.491351835471198
3.0	6.7	-1.5948391325470395

0.0	6.7250000000000005	-0.08250446290496502
1.0	6.7250000000000005	-0.0224506977935377
2.0	6.7250000000000005	2.99086310334696
3.0	6.7250000000000005	-2.071053563650661

0.0	6.75	-0.013896747978681262
1.0	6.75	-0.06788947721399019
2.0	6.75	2.4996428007902183
3.0	6.75	-1.5690092500985777

0.0	6.775	0.04257810582957356
1.0	6.775	-0.1011425588264796
2.0	6.775	2.020312441123681
3.0	6.775	-1.0957664150267663

0.0	6.800000000000001	0.08720805062878172
1.0	6.800000000000001	-0.12288089504821187
2.0	6.800000000000001	1.5516029979195842
3.0	6.800000000000001	-0.6468232584088093

0.0	6.825	0.12021733286834174
1.0	6.825	-0.13362846979390497
2.0	6.825	1.0899518592530595
3.0	6.825	-0.21523246272695895

0.0	6.8500000000000005	0.14172623413178817
1.0	6.8500000000000005	-0.13372086302078756
2.0	6.8500000000000005	0.6307689685144824
3.0	6.8500000000000005	0.20694564490809664

0.0	6.875	0.15173602145069248
1.0	6.875	-0.12329225593268767
2.0	6.875	0.16923257113302448
3.0	6.875	0.6277652696084252

0.0	6.9	0.1501308447660701
1.0	6.9	-0.10228079363995235
2.0	6.9	-0.2991043096699214
3.0	6.9	1.0547476822544453

0.0	6.925000000000001	0.14911042522376355
1.0	6.925000000000001	-0.08276620030854964
2.0	6.925000000000001	0.2173802275818818
3.0	6.925000000000001	0.5082895466493962

0.0	6.95	0.1609940621739656
1.0	6.95	-0.07678294154979426
2.0	6.95	0.7332394536925969
3.0	6.95	-0.02823532375091453

0.0	6.9750000000000005	0.17334125273815076
1.0	6.9750000000000005	-0.07177468351180138
2.0	6.9750000000000005	0.25422209674358376
3.0	6.9750000000000005	0.42848907064795866

0.0	7.0	0.17367241641124828
1.0	7.0	-0.05534846224256107
2.0	7.0	-0.2286850248885694
3.0	7.0	0.8863615477904611

0.0	7.025	0.17433179140102945
1.0	7.025	-0.03981939440090976
2.0	7.025	0.281088056208916
3.0	7.025	0.357984969093756

0.0	7.050000000000001	0.18771537781651962
1.0	7.050000000000001	-0.037366654546849176
2.0	7.050000000000001	0.7895313199128904
3.0	7.050000000000001	-0.16052381825539452

0.0	7.075	0.21381379836033756
1.0	7.075	-0.0478049013745121
2.0	7.075	1.2986044890622663
3.0	7.075	-0.6741147874895492

0.0	7.1000000000000005	0.24020163498256894
1.0	7.1000000000000005	-0.05866914592062855
2.0	7.1000000000000005	0.8130388075901225
3.0	7.1000000000000005	-0.19712733134096772

0.0	7.125	0.2544800787395818
1.0	7.125	-0.05773585504666379
2.0	7.125	0.3291832785972791
3.0	7.125	0.27090899864550183

0.0	7.15	0.2566412397073853
1.0	7.15	-0.045137338085076806
2.0	7.15	-0.15698989001573216
3.0	7.15	0.7372645541928247

0.0	7.175000000000001	0.2465826108456321
1.0	7.175000000000001	-0.020832498147534295
2.0	7.175000000000001	-0.6488463677869196
3.0	7.175000000000001	1.2083440649251618

0.0	7.2	0.23664208762668215
1.0	7.2	0.002897946869168777
2.0	7.2	-0.14719880069769975
3.0	7.2	0.6929239067471394

0.0	7.2250000000000005	0.23918888135515873
1.0	7.2250000000000005	0.013935802642562223
2.0	7.2250000000000005	0.3504705258569944
3.0	7.2250000000000005	0.19208137372130973

0.0	7.25	0.25415493295901054
1.0	7.25	0.012574347882022607
2.0	7.25	0.8468737460127131
3.0	7.25	-0.3000875164693591

0.0	7.275	0.2696687931561602
1.0	7.275	0.01078667179957371
2.0	7.275	0.39430232602048404
3.0	7.275	0.1559825376983882

0.0	7.300000000000001	0.2738628500521884
1.0	7.300000000000001	0.020341262379725222
2.0	7.300000000000001	-0.05911475781726394
3.0	7.300000000000001	0.6081573546437382

0.0	7.325	0.2785580700952222
1.0	7.325	0.029379379562897157
2.0	7.325	0.43429532900385204
3.0	7.325	0.11674328637364056

0.0	7.3500000000000005	0.2955703956613835
1.0	7.3500000000000005	0.02624259588539246
2.0	7.3500000000000005	0.9268450227685714
3.0	7.3500000000000005	-0.3669657217730318

0.0	7.375	0.31242134478239225
1.0	7.375	0.023491681627433536
2.0	7.375	0.42132002800684853
3.0	7.375	0.1456267635237804

0.0	7.4	0.3166305633734411
1.0	7.4	0.033483785746643235
2.0	7.4	-0.08488392288287683
3.0	7.4	0.6533675849644354

0.0	7.425000000000001	0.32063640051016473
1.0	7.425000000000001	0.043733947509375426
2.0	7.425000000000001	0.4048131439501489
3.0	7.425000000000001	0.1686464591865311

0.0	7.45	0.33685986815386626
1.0	7.45	0.04198669796404353
2.0	7.45	0.8931577081627675
3.0	7.45	-0.30760281458535177

0.0	7.4750000000000005	0.3653146897024821
1.0	7.4750000000000005	0.02836584629116956
2.0	7.4750000000000005	1.3839163236523226
3.0	7.4750000000000005	-0.7823581775564135

0.0	7.5	0.39359870193149626
1.0	7.5	0.01528459279762906
2.0	7.5	0.8792241521411511
3.0	7.5	-0.2661500986297749

0.0	7.525	0.4092873774614078
1.0	7.525	0.014980564434811328
2.0	7.525	0.37588165244641814
3.0	7.525	0.24074586825991828

0.0	7.550000000000001	0.41238230540058535
1.0	7.550000000000001	0.027291744606614543
2.0	7.550000000000001	-0.1286863478371406
3.0	7.550000000000001	0.7439785835047698

0.0	7.575	0.403450633184186
1.0	7.575	0.05156792887532902
2.0	7.575	-0.5864436858753502
3.0	7.575	1.1986820261424254

0.0	7.6000000000000005	0.39485211069264675
1.0	7.6000000000000005	0.07550699335063094
2.0	7.6000000000000005	-0.10279649055196088
3.0	7.6000000000000005	0.7198992880647757

0.0	7.625	0.3982558519584184
1.0	7.625	0.0877085318712787
2.0	7.625	0.37431019575347735
3.0	7.625	0.25854748711151315

0.0	7.65	0.4135463009714495
1.0	7.65	0.08851835968725119
2.0	7.65	0.8488701799235929
3.0	7.65	-0.19272466500059637

0.0	7.675000000000001	0.4407153086237123
1.0	7.675000000000001	0.07809168030839686
2.0	7.675000000000001	1.32532322931615
3.0	7.675000000000001	-0.6416368887189228

0.0	7.7	0.47986205418594535
1.0	7.7	0.05639635518444486
2.0	7.7	1.8076716514900377
3.0	7.7	-1.0952973435051312

0.0	7.7250000000000005	0.5311708175714271
1.0	7.7250000000000005	0.023240714718930633
2.0	7.7250000000000005	2.298547379342851
3.0	7.7250000000000005	-1.5591655160064066

0.0	7.75	0.5948623682808836
1.0	7.75	-0.02166904689966387
2.0	7.75	2.7980076226636847
3.0	7.75	-2.0356911132653295

0.0	7.775	0.6586475991868761
1.0	7.775	-0.06622462710383203
2.0	7.775	2.306669207803029
3.0	7.775	-1.533641884997524

0.0	7.800000000000001	0.7102939186502818
1.0	7.800000000000001	-0.09858796118320434
2.0	7.800000000000001	1.8269442243010263
3.0	7.800000000000001	-1.0598492795592729

0.0	7.825	0.7500806116599865
1.0	7.825	-0.1194145250508285
2.0	7.825	1.357437529095459
3.0	7.825	-0.609679186728605

0.0	7.8500000000000005	0.7782210241834883
1.0	7.8500000000000005	-0.1292105429356809
2.0	7.8500000000000005	0.8945288500174646
3.0	7.8500000000000005	-0.17612764206456305

0.0	7.875	0.7948237127763561
1.0	7.875	-0.12829307029208614
2.0	7.875	0.4336181138017374
3.0	7.875	0.24875169989126816

0.0	7.9	0.7998785506813817
1.0	7.9	-0.11677820155664165
2.0	7.9	-0.03007786991445094
3.0	7.9	0.672968930687813

0.0	7.925000000000001	0.8056271869668163
1.0	7.925000000000001	-0.10683363372367793
2.0	7.925000000000001	0.48997596939037624
3.0	7.925000000000001	0.12404247854137485

0.0	7.95	0.8243771949021781
1.0	7.95	-0.1105143487347604
2.0	7.95	1.010028879444523
3.0	7.95	-0.4174890754603484

0.0	7.9750000000000005	0.8437929699935746
1.0	7.9750000000000005	-0.11545747450467836
2.0	7.9750000000000005	0.5435934860878195
3.0	7.9750000000000005	0.020521419330400414

0.0	8.0	0.851554996415339
1.0	8.0	-0.1095303580881346
2.0	8.0	0.07694219902674759
3.0	8.0	0.45346022169007516

0.0	8.025	0.8599767010810804
1.0	8.025	-0.10502434203417899
2.0	8.025	0.5967868338751022
3.0	8.025	-0.09169288073344684

0.0	8.05	0.869029342112495
1.0	8.05	-0.10181137430982545
2.0	8.05	0.1271999970929809
3.0	8.05	0.34819153233399175

0.0	8.075000000000001	0.8786978465472847
1.0	8.075000000000001	-0.09989492742454686
2.0	8.075000000000001	0.6462720555333737
3.0	8.075000000000001	-0.1936756910419803

0.0	8.1	0.9013439091012263
1.0	8.1	-0.11144775948694274
2.0	8.1	1.1654328904836837
3.0	8.1	-0.7298164323998779

0.0	8.125	0.9246503188505889
1.0	8.125	-0.1241690349613247
2.0	8.125	0.7000093526150575
3.0	8.125	-0.2903601740670349

0.0	8.15	0.9363714043337312
1.0	8.15	-0.1260558098849085
2.0	8.15	0.23782112786530696
3.0	8.15	0.1382853354023828

0.0	8.175	0.9365284181030129
1.0	8.175	-0.11727759755010503
2.0	8.175	-0.22590707446426805
3.0	8.175	0.5641634983216584

0.0	8.200000000000001	0.9250254937649802
1.0	8.200000000000001	-0.09780691811596576
2.0	8.200000000000001	-0.695662559248872
3.0	8.200000000000001	0.9948754728895361

0.0	8.225	0.9140877562055082
1.0	8.225	-0.07976676502729063
2.0	8.225	-0.17947240066199643
3.0	8.225	0.45018604122674155

0.0	8.25	0.9160459718496915
1.0	8.25	-0.07521658392265174
2.0	8.25	0.3360708853466301
3.0	8.25	-0.08484125605312409

0.0	8.275	0.9184599106776346
1.0	8.275	-0.07160682378914984
2.0	8.275	-0.14318098675692664
3.0	8.275	0.37305886804967764

0.0	8.3	0.9213107683732128
1.0	8.3	-0.06893891017852383
2.0	8.3	0.37120738858071306
3.0	8.3	-0.15838187654005315

0.0	8.325000000000001	0.9370233725386521
1.0	8.325000000000001	-0.07948088707274437
2.0	8.325000000000001	0.8859441725911807
3.0	8.325000000000001	-0.684384352153296

0.0	8.35	0.9532135599355938
1.0	8.35	-0.09082820336969988
2.0	8.35	0.41001333836107784
3.0	8.35	-0.22563854567044395

0.0	8.375	0.9575428824275785
1.0	8.375	-0.09084219634689106
2.0	8.375	-0.06366509080866162
3.0	8.375	0.22357768684324936

0.0	8.4	0.9500116605175754
1.0	8.4	-0.07966395096913814
2.0	8.4	-0.5395583167868169
3.0	8.4	0.6710019989415899

0.0	8.425	0.9305128990268354
1.0	8.425	-0.05724753057211629
2.0	8.425	-1.0216421415662549
3.0	8.425	1.1237013312865622

0.0	8.450000000000001	0.8988557959443118
1.0	8.450000000000001	-0.02338918604595186
2.0	8.450000000000001	-1.5124705504100429
3.0	8.450000000000001	1.587037738723104

0.0	8.475	0.8673192469808905
1.0	8.475	0.009756946380401033
2.0	8.475	-1.0114800597900695
3.0	8.475	1.0681000631302071

0.0	8.5	0.8482303391362181
1.0	8.5	0.030175706506945232
2.0	8.5	-0.5165412936907625
3.0	8.5	0.5682221243470442

0.0	8.525	0.8414577035352886
1.0	8.525	0.03828442541693633
2.0	8.525	-0.025686367387431797
3.0	8.525	0.0822611323320574

0.0	8.55	0.8469406504830139
1.0	8.55	0.034348748564188014
2.0	8.55	0.4645261340526939
3.0	8.55	-0.3964921187632839

0.0	8.575000000000001	0.8647090267708614
1.0	8.575000000000001	0.01846295658599928
2.0	8.575000000000001	0.9576969070826886
3.0	8.575000000000001	-0.8748095489337001

0.0	8.6	0.8823671618540543
1.0	8.6	0.003023883653048287
2.0	8.6	0.45550132020022716
3.0	8.6	-0.36255084146433725

0.0	8.625	0.8875015263651415
1.0	8.625	2.469403974885154E-4
2.0	8.625	-0.04463986582207846
3.0	8.625	0.1391225006967749

0.0	8.65	0.8801282096498334
1.0	8.65	0.009942149701407388
2.0	8.65	-0.5455960994038018
3.0	8.65	0.6362196743905075

0.0	8.675	0.8601938091580165
1.0	8.675	0.032065847202641606
2.0	8.675	-1.0498255570978672
3.0	8.675	1.1341719031745638

0.0	8.700000000000001	0.8400755990331367
1.0	8.700000000000001	0.054270373061624966
2.0	8.700000000000001	-0.5607696896890839
3.0	8.700000000000001	0.6453345039227729

0.0	8.725	0.8321105718984101
1.0	8.725	0.0644636054220662
2.0	8.725	-0.07702975202065276
3.0	8.725	0.17217383118311824

0.0	8.75	0.8362112283398592
1.0	8.75	0.06295048891437105
2.0	8.75	0.4051720113143345
3.0	8.75	-0.29241200924829597

0.0	8.775	0.8523908000743557
1.0	8.775	0.049852888934465156
2.0	8.775	0.8899384012738245
3.0	8.775	-0.7557667994761672

0.0	8.8	0.8807585202943613
1.0	8.8	0.025117974886809336
2.0	8.8	1.380675599008067
3.0	8.8	-1.2243307600583548

0.0	8.825000000000001	0.9089843661292739
1.0	8.825000000000001	0.0010130349658226123
2.0	8.825000000000001	0.8781709762703602
3.0	8.825000000000001	-0.7068832338404882

0.0	8.85	0.924700299822354
1.0	8.85	-0.010348373200816496
2.0	8.85	0.3795745982945554
3.0	8.85	-0.20401948911152468

0.0	8.875	0.9279741370078961
1.0	8.875	-0.009261387494479578
2.0	8.875	-0.1177142174233346
3.0	8.875	0.2900387965136903

0.0	8.9	0.9306797442598912
1.0	8.9	-0.007704188452576588
2.0	8.9	0.33410253605768003
3.0	8.9	-0.1643912260756918

0.0	8.925	0.9453122279246073
1.0	8.925	-0.018072816776671274
2.0	8.925	0.8368643352066317
3.0	8.925	-0.6648354772517943

0.0	8.950000000000001	0.9600544984979037
1.0	8.950000000000001	-0.028507101984434513
2.0	8.950000000000001	0.34301461174775855
3.0	8.950000000000001	-0.17188074283213628

0.0	8.975	0.9630983677801289
1.0	8.975	-0.027359770565759334
2.0	8.975	-0.09955997989558235
3.0	8.975	0.26286370106485196

0.0	9.0	0.966310358720797
1.0	9.0	-0.026584249635105195
2.0	9.0	0.35649336256330666
3.0	9.0	-0.19980025906009574

0.0	9.025	0.9696854804254368
1.0	9.025	-0.026119443973833256
2.0	9.025	-0.08650503438450097
3.0	9.025	0.23611584582196926

0.0	9.05	0.9732210756306127
1.0	9.05	-0.02600273997203395
2.0	9.05	0.36934802135698036
3.0	9.05	-0.22580614215126515

0.0	9.075000000000001	0.9769163091191608
1.0	9.075000000000001	-0.02618161569117028
2.0	9.075000000000001	-0.07371962891582207
3.0	9.075000000000001	0.21056756835783164

0.0	9.1	0.9807723301008676
1.0	9.1	-0.026701230460350445
2.0	9.1	0.38221738259706267
3.0	9.1	-0.25120911813276237

0.0	9.125	0.9847923157456844
1.0	9.125	-0.02751714988655607
2.0	9.125	-0.060577812662696406
3.0	9.125	0.184949147672889

0.0	9.15	0.9777323090548368
1.0	9.15	-0.017477918932556236
2.0	9.15	-0.5046893032128512
3.0	9.15	0.6181787019200472

0.0	9.175	0.970778729751365
1.0	9.175	-0.0077998282795501694
2.0	9.175	-0.051948240033169446
3.0	9.175	0.1577675862342221

0.0	9.200000000000001	0.9751274668548046
1.0	9.200000000000001	-0.009526725929132951
2.0	9.200000000000001	0.39991202207324505
3.0	9.200000000000001	-0.29510831802641435

0.0	9.225	0.979534738700783
1.0	9.225	-0.011325280932167558
2.0	9.225	-0.047250514341071526
3.0	9.225	0.1501395698490231

0.0	9.25	0.9727567625234871
1.0	9.25	-0.00204983872350617
2.0	9.25	-0.4953773236232867
3.0	9.25	0.5917477448356503

0.0	9.275	0.9547367125664574
1.0	9.275	0.018275552034840103
2.0	9.275	-0.9469476677374308
3.0	9.275	1.0348984653121078

0.0	9.3	0.9366107073113967
1.0	9.3	0.0385435375567269
2.0	9.3	-0.5040719258787351
3.0	9.3	0.5892812975542157

0.0	9.325000000000001	0.9301204235637821
1.0	9.325000000000001	0.047232780836663935
2.0	9.325000000000001	-0.01561971762771891
3.0	9.325000000000001	0.10771800482465488

0.0	9.35	0.935822325487852
1.0	9.35	0.043992454214933474
2.0	9.35	0.47194871332442884
3.0	9.35	-0.3662754889421283

0.0	9.375	0.9537423474991722
1.0	9.375	0.02892347064463152
2.0	9.375	0.9624162197915056
3.0	9.375	-0.8396785737270724

0.0	9.4	0.9714892171736512
1.0	9.4	0.014417994646795051
2.0	9.4	0.45779531474710944
3.0	9.4	-0.3228670523287638

0.0	9.425	0.9766461060194496
1.0	9.425	0.012696971875810092
2.0	9.425	-0.04518121066030478
3.0	9.425	0.18399569580733555

0.0	9.450000000000001	0.9698470120546125
1.0	9.450000000000001	0.022959945423721706
2.0	9.450000000000001	-0.49910019169603675
3.0	9.450000000000001	0.6368566489999209

0.0	9.475	0.9516659907572216
1.0	9.475	0.04454881964536739
2.0	9.475	-0.955968004300912
3.0	9.475	1.0907191857637375

0.0	9.5	0.9338527722518255
1.0	9.5	0.06575544898847596
2.0	9.5	-0.47025842012613406
3.0	9.5	0.608945916239504

0.0	9.525	0.9281081968806701
1.0	9.525	0.07512511915073006
2.0	9.525	0.010113386044380668
3.0	9.525	0.14261473312622547

0.0	9.55	0.9343472453402127
1.0	9.55	0.07295367450330303
2.0	9.55	0.4891459055359104
3.0	9.55	-0.3156098039522923

0.0	9.575000000000001	0.9525898900083056
1.0	9.575000000000001	0.05934951148919687
2.0	9.575000000000001	0.9710748634090254
3.0	9.575000000000001	-0.7732029609125515

0.0	9.600000000000001	0.9829550414779025
1.0	9.600000000000001	0.03424346069607154
2.0	9.600000000000001	1.4594177433738238
3.0	9.600000000000001	-1.2367141987902295

0.0	9.625	1.0256297445234848
1.0	9.625	-0.0025736904951081385
2.0	9.625	1.9559087819910315
3.0	9.625	-1.7105727526250352

0.0	9.65	1.0683171869390815
1.0	9.65	-0.03893651793788244
2.0	9.65	1.4604944726244473
3.0	9.65	-1.202471773192391

0.0	9.675	1.0987246139840734
1.0	9.675	-0.06288501913533295
2.0	9.675	0.973370593038022
3.0	9.675	-0.7167698827568656

0.0	9.700000000000001	1.1170373044765454
1.0	9.700000000000001	-0.07491706078062244
2.0	9.700000000000001	0.4923785412868305
3.0	9.700000000000001	-0.24806242024990915

0.0	9.725000000000001	1.1233629613372111
1.0	9.725000000000001	-0.07537013242626323
2.0	9.725000000000001	0.013704171851985747
3.0	9.725000000000001	0.21080699919361084

0.0	9.75	1.1177059768273427
1.0	9.75	-0.06439545987886675
2.0	9.75	-0.46693154079093707
3.0	9.75	0.6673898234310948

0.0	9.775	1.099968007346156
1.0	9.775	-0.041961775687756386
2.0	9.775	-0.9533108478624275
3.0	9.775	1.128558534593736

0.0	9.8	1.0699726975743618
1.0	9.8	-0.007886025375450245
2.0	9.8	-1.447705311654595
3.0	9.8	1.59937299286808

0.0	9.825000000000001	1.0275187312430802
1.0	9.825000000000001	0.038104042314351716
2.0	9.825000000000001	-1.9496014427442652
3.0	9.825000000000001	2.0816373959001133

0.0	9.850000000000001	0.984904272412367
1.0	9.850000000000001	0.0838963809907014
2.0	9.850000000000001	-1.4616690469201195
3.0	9.850000000000001	1.5869899401817178

0.0	9.875	0.9543252300727368
1.0	9.875	0.11770695012969234
2.0	9.875	-0.9867891929098653
3.0	9.875	1.1225962784404946

0.0	9.9	0.9354682075230756
1.0	9.9	0.1402387447440212
2.0	9.9	-0.5234281749624674
3.0	9.9	0.6836452697973141

0.0	9.925	0.9280884425011248
1.0	9.925	0.1520422240344672
2.0	9.925	-0.06788519357476491
3.0	9.925	0.2630430768147862

0.0	9.950000000000001	0.932047649040679
1.0	9.950000000000001	0.15347703752849995
2.0	9.950000000000001	0.38450442702395154
3.0	9.950000000000001	-0.1472103256315745

0.0	9.975000000000001	0.947328423289506
1.0	9.975000000000001	0.14470004414095428
2.0	9.975000000000001	0.8386515613887231
3.0	9.975000000000001	-0.5552373092317562

0.0	10.0	0.9740338730975387
1.0	10.0	0.12566908868755922
2.0	10.0	1.2992042231512693
3.0	10.0	-0.9687513672950183


